0.5 0.5 0.5 0.5 0.5 0.5 0.5 0.5 0.5 0.5 0.5 0.5 0.5 0.5 0.5 0.5 0.5 0.5 0.5 0.5 0.5 0.5 0.5 0.5 0.5 0.5 0.5 0.5 0.5 0.5 0.5 0.5 0.5 0.5 0.5 0.5 0.5 0.5 0.5 0.5 0.5 0.5 0.5 0.5 0.5 0.5 0.5 0.5 0.5 0.5 0.5 0.5 0.5 0.5 0.5 0.5 0.5 0.5 0.5 0.5 0.5 0.5 0.5 0.5 0.5 0.5 0.5 0.5 0.5 0.5 0.5 0.5 0.5 0.5 0.5 0.5 0.5 0.5 0.5 0.5 0.5 0.5 0.5 0.5 0.5 0.5 0.5 0.5 0.5 0.5 0.5 0.5 0.5 0.5 0.5 0.5 0.5 0.5 0.5 0.5 0.5
0.5 0.499719 0.499486 0.499281 0.499096 0.498925 0.498766 0.498616 0.498474 0.498339 0.498209 0.498086 0.497967 0.497853 0.497743 0.497638 0.497536 0.497437 0.497343 0.497251 0.497163 0.497079 0.496997 0.496918 0.496843 0.49677 0.496701 0.496634 0.49657 0.496509 0.496451 0.496396 0.496344 0.496295 0.496249 0.496205 0.496164 0.496127 0.496092 0.49606 0.496031 0.496004 0.495981 0.495961 0.495943 0.495928 0.495917 0.495908 0.495902 0.495899 0.495899 0.495901 0.495907 0.495916 0.495927 0.495941 0.495958 0.495978 0.496001 0.496027 0.496055 0.496087 0.496121 0.496158 0.496198 0.49624 0.496285 0.496334 0.496384 0.496438 0.496494 0.496553 0.496615 0.49668 0.496747 0.496817 0.49689 0.496966 0.497045 0.497126 0.497211 0.497299 0.497389 0.497483 0.49758 0.497681 0.497785 0.497893 0.498005 0.498122 0.498243 0.49837 0.498503 0.498642 0.498789 0.498945 0.499112 0.499294 0.499494 0.499723 0.5
0.5 0.499486 0.499038 0.498636 0.498269 0.49793 0.497611 0.497311 0.497026 0.496755 0.496496 0.496248 0.49601 0.495781 0.495561 0.495348 0.495144 0.494946 0.494756 0.494572 0.494395 0.494225 0.494061 0.493903 0.493751 0.493605 0.493465 0.493331 0.493203 0.49308 0.492964 0.492853 0.492748 0.492649 0.492556 0.492468 0.492386 0.49231 0.49224 0.492176 0.492117 0.492065 0.492018 0.491977 0.491941 0.491912 0.491888 0.49187 0.491858 0.491852 0.491852 0.491857 0.491869 0.491886 0.491909 0.491938 0.491972 0.492012 0.492058 0.49211 0.492167 0.49223 0.492299 0.492373 0.492453 0.492539 0.49263 0.492726 0.492829 0.492936 0.49305 0.493168 0.493293 0.493423 0.493558 0.493699 0.493846 0.493998 0.494157 0.494321 0.494491 0.494666 0.494849 0.495037 0.495233 0.495435 0.495644 0.495861 0.496087 0.496321 0.496564 0.496819 0.497084 0.497363 0.497657 0.497969 0.498302 0.498661 0.499055 0.499494 0.5
0.5 0.499281 0.498636 0.498049 0.497507 0.497001 0.496527 0.496078 0.495651 0.495245 0.494856 0.494483 0.494125 0.493781 0.493449 0.493129 0.492821 0.492524 0.492238 0.491961 0.491695 0.491438 0.491191 0.490953 0.490724 0.490504 0.490293 0.490091 0.489898 0.489713 0.489538 0.489371 0.489213 0.489063 0.488923 0.488791 0.488667 0.488553 0.488447 0.48835 0.488262 0.488182 0.488111 0.488049 0.487996 0.487952 0.487916 0.487889 0.487871 0.487862 0.487862 0.48787 0.487887 0.487913 0.487947 0.48799 0.488042 0.488103 0.488172 0.48825 0.488336 0.488431 0.488535 0.488647 0.488767 0.488896 0.489033 0.489179 0.489333 0.489495 0.489666 0.489845 0.490033 0.490228 0.490433 0.490645 0.490866 0.491096 0.491334 0.491581 0.491837 0.492102 0.492377 0.492661 0.492955 0.493259 0.493574 0.493901 0.49424 0.494592 0.494958 0.495339 0.495738 0.496156 0.496595 0.49706 0.497555 0.498086 0.498662 0.499294 0.5
0.5 0.499096 0.498269 0.497507 0.496797 0.496131 0.495503 0.494908 0.494342 0.493801 0.493283 0.492786 0.492308 0.491848 0.491405 0.490978 0.490567 0.490169 0.489786 0.489417 0.48906 0.488717 0.488386 0.488067 0.487761 0.487466 0.487184 0.486914 0.486655 0.486409 0.486173 0.48595 0.485738 0.485538 0.48535 0.485173 0.485008 0.484855 0.484713 0.484583 0.484465 0.484358 0.484264 0.484181 0.484109 0.48405 0.484002 0.483966 0.483942 0.483929 0.483929 0.48394 0.483963 0.483997 0.484043 0.484101 0.484171 0.484252 0.484344 0.484449 0.484564 0.484691 0.48483 0.48498 0.485141 0.485313 0.485497 0.485692 0.485898 0.486116 0.486344 0.486584 0.486835 0.487097 0.48737 0.487655 0.487951 0.488258 0.488577 0.488907 0.48925 0.489604 0.489971 0.490351 0.490744 0.491151 0.491572 0.492008 0.492461 0.49293 0.493418 0.493927 0.494457 0.495012 0.495595 0.49621 0.496861 0.497556 0.498303 0.499113 0.5
0.5 0.498925 0.49793 0.497001 0.496131 0.495311 0.494534 0.493796 0.493092 0.492418 0.491772 0.491152 0.490555 0.48998 0.489426 0.488892 0.488377 0.48788 0.4874 0.486937 0.48649 0.48606 0.485645 0.485246 0.484862 0.484493 0.484139 0.4838 0.483476 0.483166 0.482871 0.482591 0.482326 0.482075 0.481838 0.481617 0.48141 0.481217 0.481039 0.480876 0.480728 0.480594 0.480475 0.480371 0.480282 0.480207 0.480147 0.480102 0.480072 0.480056 0.480055 0.480069 0.480098 0.480141 0.480199 0.480271 0.480358 0.48046 0.480576 0.480707 0.480852 0.481011 0.481185 0.481373 0.481575 0.481792 0.482022 0.482267 0.482525 0.482798 0.483085 0.483385 0.4837 0.484028 0.484371 0.484728 0.485099 0.485484 0.485883 0.486298 0.486727 0.487171 0.487631 0.488106 0.488599 0.489108 0.489635 0.49018 0.490746 0.491332 0.491942 0.492575 0.493236 0.493926 0.494649 0.495409 0.496211 0.497063 0.497972 0.498947 0.5
0.5 0.498766 0.497611 0.496527 0.495503 0.494534 0.493613 0.492735 0.491896 0.491092 0.49032 0.489578 0.488863 0.488174 0.48751 0.486869 0.48625 0.485653 0.485077 0.484521 0.483984 0.483466 0.482968 0.482488 0.482026 0.481582 0.481157 0.480749 0.480359 0.479986 0.479632 0.479295 0.478975 0.478673 0.478389 0.478122 0.477873 0.477641 0.477427 0.477231 0.477052 0.476892 0.476748 0.476623 0.476515 0.476425 0.476353 0.476299 0.476262 0.476244 0.476242 0.476259 0.476293 0.476345 0.476415 0.476502 0.476607 0.476729 0.476869 0.477026 0.477201 0.477393 0.477602 0.477828 0.478071 0.478332 0.478609 0.478903 0.479214 0.479542 0.479887 0.480249 0.480627 0.481022 0.481434 0.481863 0.48231 0.482773 0.483253 0.483751 0.484267 0.484801 0.485353 0.485925 0.486516 0.487127 0.487759 0.488414 0.489092 0.489794 0.490523 0.49128 0.492069 0.492891 0.49375 0.494651 0.495599 0.4966 0.497662 0.498792 0.5
0.5 0.498616 0.497311 0.496078 0.494908 0.493796 0.492735 0.491722 0.490751 0.489818 0.488922 0.48806 0.487228 0.486427 0.485653 0.484906 0.484185 0.483488 0.482816 0.482166 0.48154 0.480936 0.480353 0.479793 0.479253 0.478735 0.478237 0.477761 0.477305 0.47687 0.476455 0.476061 0.475687 0.475334 0.475002 0.47469 0.474399 0.474128 0.473878 0.473648 0.473439 0.473251 0.473084 0.472937 0.472811 0.472706 0.472622 0.472558 0.472515 0.472493 0.472492 0.472511 0.472551 0.472612 0.472693 0.472795 0.472918 0.473061 0.473224 0.473408 0.473612 0.473836 0.474081 0.474345 0.47463 0.474934 0.475258 0.475602 0.475966 0.476349 0.476752 0.477175 0.477617 0.478079 0.478561 0.479062 0.479583 0.480124 0.480686 0.481267 0.48187 0.482493 0.483138 0.483804 0.484494 0.485206 0.485943 0.486706 0.487495 0.488312 0.489159 0.490038 0.490951 0.491902 0.492895 0.493932 0.49502 0.496164 0.49737 0.498646 0.5
0.5 0.498474 0.497026 0.495651 0.494342 0.493092 0.491896 0.490751 0.489651 0.488594 0.487576 0.486595 0.485649 0.484735 0.483853 0.483002 0.482178 0.481383 0.480615 0.479873 0.479157 0.478467 0.477801 0.47716 0.476543 0.47595 0.475381 0.474836 0.474314 0.473816 0.473342 0.472891 0.472463 0.472059 0.471679 0.471322 0.470988 0.470678 0.470392 0.470129 0.46989 0.469674 0.469483 0.469315 0.469171 0.46905 0.468954 0.468881 0.468832 0.468806 0.468805 0.468827 0.468873 0.468942 0.469035 0.469152 0.469292 0.469456 0.469643 0.469853 0.470087 0.470343 0.470623 0.470926 0.471251 0.4716 0.471971 0.472364 0.47278 0.473219 0.47368 0.474164 0.47467 0.475199 0.47575 0.476323 0.476919 0.477538 0.47818 0.478845 0.479533 0.480245 0.480982 0.481743 0.48253 0.483344 0.484184 0.485053 0.485952 0.486882 0.487845 0.488843 0.489879 0.490956 0.492078 0.493247 0.494469 0.495749 0.497093 0.498508 0.5
0.5 0.498339 0.496755 0.495245 0.493801 0.492418 0.491092 0.489818 0.488594 0.487414 0.486277 0.48518 0.484121 0.483098 0.482109 0.481153 0.480229 0.479336 0.478474 0.47764 0.476835 0.476059 0.47531 0.474589 0.473895 0.473228 0.472588 0.471974 0.471387 0.470826 0.470292 0.469785 0.469303 0.468848 0.46842 0.468018 0.467642 0.467293 0.466971 0.466675 0.466405 0.466163 0.465947 0.465758 0.465595 0.465459 0.465351 0.465268 0.465213 0.465185 0.465183 0.465208 0.465259 0.465338 0.465442 0.465574 0.465732 0.465916 0.466126 0.466363 0.466626 0.466915 0.46723 0.467571 0.467937 0.468329 0.468747 0.46919 0.469659 0.470153 0.470672 0.471217 0.471786 0.472381 0.473001 0.473646 0.474317 0.475013 0.475735 0.476483 0.477257 0.478057 0.478885 0.47974 0.480624 0.481537 0.48248 0.483454 0.484461 0.485502 0.486579 0.487694 0.48885 0.490049 0.491295 0.492592 0.493944 0.495355 0.496831 0.498377 0.5
0.5 0.498209 0.496496 0.494856 0.493283 0.491772 0.49032 0.488922 0.487576 0.486277 0.485023 0.483813 0.482642 0.481511 0.480417 0.479359 0.478336 0.477346 0.47639 0.475465 0.474573 0.473711 0.47288 0.47208 0.471309 0.470568 0.469857 0.469176 0.468523 0.467901 0.467307 0.466743 0.466208 0.465702 0.465226 0.464779 0.464362 0.463974 0.463615 0.463286 0.462987 0.462717 0.462477 0.462267 0.462086 0.461935 0.461814 0.461723 0.461661 0.461629 0.461627 0.461655 0.461712 0.461799 0.461916 0.462062 0.462237 0.462442 0.462676 0.462939 0.463231 0.463553 0.463903 0.464281 0.464689 0.465124 0.465589 0.466081 0.466602 0.467151 0.467728 0.468333 0.468965 0.469626 0.470315 0.471032 0.471776 0.472549 0.47335 0.47418 0.475039 0.475927 0.476845 0.477794 0.478773 0.479784 0.480828 0.481906 0.483019 0.484169 0.485358 0.486587 0.48786 0.489178 0.490545 0.491965 0.493441 0.494978 0.49658 0.498252 0.5
0.5 0.498086 0.496248 0.494483 0.492786 0.491152 0.489578 0.48806 0.486595 0.48518 0.483813 0.48249 0.481212 0.479974 0.478777 0.477618 0.476497 0.475412 0.474363 0.473349 0.472369 0.471423 0.47051 0.469631 0.468785 0.467971 0.46719 0.46644 0.465724 0.465039 0.464387 0.463766 0.463178 0.462622 0.462099 0.461607 0.461148 0.460721 0.460327 0.459965 0.459636 0.459339 0.459075 0.458843 0.458645 0.458479 0.458345 0.458245 0.458177 0.458142 0.45814 0.45817 0.458233 0.458329 0.458457 0.458617 0.45881 0.459035 0.459293 0.459582 0.459904 0.460257 0.460642 0.461058 0.461506 0.461985 0.462496 0.463037 0.46361 0.464213 0.464848 0.465513 0.466208 0.466934 0.467691 0.468479 0.469297 0.470146 0.471026 0.471937 0.47288 0.473855 0.474862 0.475902 0.476975 0.478083 0.479227 0.480407 0.481624 0.482881 0.484179 0.48552 0.486906 0.48834 0.489824 0.491363 0.492959 0.494616 0.496339 0.498132 0.5
0.5 0.497967 0.49601 0.494125 0.492308 0.490555 0.488863 0.487228 0.485649 0.484121 0.482642 0.481212 0.479826 0.478485 0.477186 0.475928 0.47471 0.473532 0.472391 0.471288 0.470223 0.469194 0.468201 0.467244 0.466322 0.465436 0.464585 0.463769 0.462988 0.462242 0.461531 0.460855 0.460214 0.459609 0.459038 0.458502 0.458002 0.457536 0.457106 0.456712 0.456353 0.456029 0.455741 0.455489 0.455272 0.455091 0.454946 0.454836 0.454762 0.454724 0.454721 0.454754 0.454823 0.454927 0.455067 0.455242 0.455452 0.455698 0.455978 0.456294 0.456644 0.457029 0.457448 0.457902 0.458391 0.458913 0.459469 0.46006 0.460684 0.461341 0.462032 0.462757 0.463514 0.464305 0.46513 0.465987 0.466878 0.467803 0.468761 0.469752 0.470778 0.471838 0.472933 0.474064 0.47523 0.476434 0.477675 0.478955 0.480275 0.481636 0.48304 0.48449 0.485987 0.487533 0.489131 0.490784 0.492496 0.49427 0.496109 0.498018 0.5
0.5 0.497853 0.495781 0.493781 0.491848 0.48998 0.488174 0.486427 0.484735 0.483098 0.481511 0.479974 0.478485 0.477042 0.475643 0.474288 0.472976 0.471705 0.470474 0.469284 0.468134 0.467023 0.46595 0.464916 0.463921 0.462963 0.462043 0.461161 0.460317 0.45951 0.458742 0.458011 0.457317 0.456662 0.456045 0.455465 0.454924 0.45442 0.453955 0.453528 0.45314 0.45279 0.452478 0.452205 0.45197 0.451774 0.451617 0.451498 0.451418 0.451377 0.451374 0.45141 0.451484 0.451596 0.451748 0.451937 0.452164 0.45243 0.452733 0.453075 0.453454 0.45387 0.454324 0.454815 0.455343 0.455908 0.45651 0.457149 0.457823 0.458535 0.459282 0.460065 0.460885 0.46174 0.462631 0.463558 0.464521 0.465519 0.466554 0.467625 0.468733 0.469878 0.471059 0.472279 0.473537 0.474834 0.47617 0.477548 0.478968 0.480432 0.48194 0.483496 0.4851 0.486755 0.488463 0.490228 0.492051 0.493937 0.495888 0.497908 0.5
0.5 0.497743 0.495561 0.493449 0.491405 0.489426 0.48751 0.485653 0.483853 0.482109 0.480417 0.478777 0.477186 0.475643 0.474147 0.472697 0.471291 0.46993 0.468612 0.467336 0.466102 0.46491 0.463759 0.46265 0.461581 0.460552 0.459565 0.458617 0.457711 0.456844 0.456018 0.455233 0.454488 0.453784 0.45312 0.452497 0.451915 0.451374 0.450874 0.450415 0.449997 0.449621 0.449286 0.448992 0.44874 0.448529 0.44836 0.448232 0.448146 0.448102 0.448098 0.448137 0.448217 0.448338 0.4485 0.448703 0.448948 0.449233 0.44956 0.449926 0.450334 0.450782 0.451269 0.451797 0.452365 0.452972 0.453619 0.454305 0.45503 0.455794 0.456597 0.457439 0.458319 0.459238 0.460195 0.46119 0.462224 0.463296 0.464406 0.465556 0.466744 0.467971 0.469238 0.470545 0.471893 0.473282 0.474712 0.476186 0.477704 0.479267 0.480877 0.482536 0.484244 0.486005 0.48782 0.489692 0.491623 0.493616 0.495675 0.497802 0.5
0.5 0.497638 0.495348 0.493129 0.490978 0.488892 0.486869 0.484906 0.483002 0.481153 0.479359 0.477618 0.475928 0.474288 0.472697 0.471154 0.469657 0.468207 0.466802 0.465442 0.464126 0.462855 0.461627 0.460443 0.459302 0.458204 0.457149 0.456138 0.455169 0.454244 0.453362 0.452522 0.451726 0.450974 0.450265 0.449599 0.448977 0.448398 0.447864 0.447373 0.446927 0.446524 0.446166 0.445852 0.445583 0.445357 0.445176 0.44504 0.444948 0.4449 0.444896 0.444937 0.445023 0.445152 0.445325 0.445543 0.445804 0.446109 0.446458 0.44685 0.447286 0.447764 0.448285 0.44885 0.449456 0.450105 0.450796 0.45153 0.452304 0.453121 0.453979 0.454878 0.455818 0.456799 0.457821 0.458884 0.459987 0.461132 0.462317 0.463543 0.464811 0.466119 0.46747 0.468863 0.470298 0.471777 0.473299 0.474867 0.47648 0.478141 0.47985 0.481608 0.483418 0.485281 0.487199 0.489175 0.49121 0.493308 0.49547 0.4977 0.5
0.5 0.497536 0.495144 0.492821 0.490567 0.488377 0.48625 0.484185 0.482178 0.480229 0.478336 0.476497 0.47471 0.472976 0.471291 0.469657 0.468072 0.466534 0.465045 0.463602 0.462206 0.460857 0.459553 0.458296 0.457084 0.455918 0.454798 0.453723 0.452693 0.45171 0.450772 0.44988 0.449034 0.448233 0.447479 0.446771 0.44611 0.445495 0.444926 0.444404 0.443929 0.443501 0.44312 0.442786 0.442499 0.44226 0.442067 0.441922 0.441824 0.441773 0.441769 0.441813 0.441903 0.442041 0.442225 0.442457 0.442735 0.443059 0.44343 0.443847 0.44431 0.444819 0.445373 0.445973 0.446618 0.447309 0.448044 0.448823 0.449647 0.450515 0.451427 0.452382 0.453381 0.454424 0.45551 0.456639 0.457811 0.459027 0.460285 0.461587 0.462932 0.464321 0.465753 0.46723 0.468752 0.470318 0.471931 0.47359 0.475296 0.477051 0.478856 0.480712 0.48262 0.484583 0.486601 0.488677 0.490813 0.493011 0.495273 0.497602 0.5
0.5 0.497437 0.494946 0.492524 0.490169 0.48788 0.485653 0.483488 0.481383 0.479336 0.477346 0.475412 0.473532 0.471705 0.46993 0.468207 0.466534 0.464912 0.463339 0.461816 0.460342 0.458916 0.457538 0.456209 0.454928 0.453695 0.452509 0.451372 0.450283 0.449243 0.44825 0.447306 0.44641 0.445563 0.444765 0.444015 0.443315 0.442664 0.442062 0.441509 0.441006 0.440553 0.440149 0.439796 0.439492 0.439238 0.439034 0.43888 0.438776 0.438722 0.438718 0.438764 0.43886 0.439006 0.439201 0.439446 0.43974 0.440084 0.440476 0.440918 0.441408 0.441947 0.442534 0.443169 0.443852 0.444583 0.445361 0.446186 0.447058 0.447977 0.448942 0.449953 0.45101 0.452113 0.453262 0.454456 0.455696 0.456981 0.458311 0.459687 0.461108 0.462575 0.464088 0.465647 0.467253 0.468905 0.470605 0.472353 0.47415 0.475998 0.477896 0.479846 0.48185 0.483908 0.486023 0.488196 0.490429 0.492724 0.495083 0.497507 0.5
0.5 0.497343 0.494756 0.492238 0.489786 0.4874 0.485077 0.482816 0.480615 0.478474 0.47639 0.474363 0.472391 0.470474 0.468612 0.466802 0.465045 0.463339 0.461686 0.460084 0.458532 0.457032 0.455581 0.454182 0.452833 0.451534 0.450285 0.449087 0.44794 0.446843 0.445797 0.444801 0.443857 0.442964 0.442122 0.441332 0.440593 0.439907 0.439272 0.438689 0.438158 0.43768 0.437254 0.436881 0.436561 0.436293 0.436078 0.435915 0.435806 0.435749 0.435745 0.435793 0.435894 0.436048 0.436254 0.436512 0.436822 0.437185 0.437599 0.438064 0.438581 0.43915 0.439769 0.440439 0.441159 0.441929 0.442749 0.443619 0.444539 0.445507 0.446524 0.44759 0.448704 0.449867 0.451077 0.452335 0.453641 0.454994 0.456395 0.457843 0.459339 0.460883 0.462474 0.464113 0.4658 0.467537 0.469322 0.471157 0.473043 0.474979 0.476968 0.47901 0.481106 0.483258 0.485466 0.487733 0.49006 0.492448 0.4949 0.497416 0.5
0.5 0.497251 0.494572 0.491961 0.489417 0.486937 0.484521 0.482166 0.479873 0.47764 0.475465 0.473349 0.471288 0.469284 0.467336 0.465442 0.463602 0.461816 0.460084 0.458404 0.456778 0.455204 0.453683 0.452215 0.450799 0.449436 0.448125 0.446867 0.445662 0.444511 0.443412 0.442366 0.441375 0.440436 0.439552 0.438722 0.437946 0.437224 0.436557 0.435944 0.435387 0.434884 0.434437 0.434045 0.433708 0.433426 0.4332 0.433029 0.432914 0.432854 0.432849 0.4329 0.433007 0.433168 0.433384 0.433656 0.433982 0.434363 0.434798 0.435287 0.43583 0.436428 0.437078 0.437782 0.438539 0.439348 0.44021 0.441124 0.442089 0.443107 0.444175 0.445294 0.446464 0.447685 0.448955 0.450276 0.451646 0.453067 0.454536 0.456055 0.457624 0.459242 0.46091 0.462627 0.464395 0.466212 0.468081 0.47 0.471971 0.473995 0.476072 0.478203 0.480388 0.48263 0.484929 0.487286 0.489704 0.492182 0.494723 0.497329 0.5
0.5 0.497163 0.494395 0.491695 0.48906 0.48649 0.483984 0.48154 0.479157 0.476835 0.474573 0.472369 0.470223 0.468134 0.466102 0.464126 0.462206 0.460342 0.458532 0.456778 0.455078 0.453433 0.451843 0.450307 0.448827 0.447401 0.446029 0.444713 0.443452 0.442247 0.441097 0.440002 0.438964 0.437981 0.437055 0.436186 0.435373 0.434617 0.433918 0.433277 0.432693 0.432166 0.431698 0.431287 0.430934 0.430639 0.430402 0.430223 0.430102 0.430039 0.430034 0.430088 0.430199 0.430368 0.430595 0.430879 0.43122 0.431619 0.432075 0.432588 0.433157 0.433782 0.434463 0.4352 0.435993 0.436841 0.437743 0.4387 0.439711 0.440776 0.441894 0.443066 0.444291 0.445568 0.446897 0.448279 0.449713 0.451198 0.452735 0.454323 0.455963 0.457654 0.459396 0.46119 0.463035 0.464932 0.466881 0.468882 0.470937 0.473045 0.475207 0.477423 0.479696 0.482024 0.484411 0.486856 0.48936 0.491926 0.494553 0.497244 0.5
0.5 0.497079 0.494225 0.491438 0.488717 0.48606 0.483466 0.480936 0.478467 0.476059 0.473711 0.471423 0.469194 0.467023 0.46491 0.462855 0.460857 0.458916 0.457032 0.455204 0.453433 0.451719 0.450061 0.44846 0.446916 0.445429 0.443999 0.442625 0.44131 0.440052 0.438851 0.437709 0.436625 0.435599 0.434633 0.433725 0.432876 0.432087 0.431357 0.430687 0.430077 0.429527 0.429038 0.428609 0.42824 0.427932 0.427684 0.427497 0.427371 0.427305 0.4273 0.427356 0.427472 0.427649 0.427885 0.428182 0.428539 0.428955 0.429431 0.429967 0.430561 0.431214 0.431925 0.432695 0.433522 0.434407 0.43535 0.436349 0.437404 0.438516 0.439683 0.440906 0.442184 0.443516 0.444903 0.446345 0.44784 0.449389 0.450991 0.452647 0.454355 0.456117 0.457932 0.4598 0.46172 0.463694 0.465722 0.467803 0.469938 0.472127 0.474372 0.476672 0.479028 0.481441 0.483911 0.486441 0.489029 0.491679 0.494389 0.497163 0.5
0.5 0.496997 0.494061 0.491191 0.488386 0.485645 0.482968 0.480353 0.477801 0.47531 0.47288 0.47051 0.468201 0.46595 0.463759 0.461627 0.459553 0.457538 0.455581 0.453683 0.451843 0.450061 0.448338 0.446674 0.445068 0.443521 0.442033 0.440604 0.439235 0.437926 0.436677 0.435488 0.434359 0.433292 0.432285 0.43134 0.430456 0.429634 0.428874 0.428177 0.427541 0.426969 0.426459 0.426012 0.425628 0.425307 0.425049 0.424854 0.424722 0.424654 0.424649 0.424707 0.424828 0.425011 0.425258 0.425567 0.425938 0.426372 0.426868 0.427425 0.428044 0.428724 0.429465 0.430266 0.431128 0.432049 0.43303 0.43407 0.435169 0.436326 0.437541 0.438814 0.440144 0.44153 0.442974 0.444473 0.446028 0.447639 0.449305 0.451026 0.452802 0.454632 0.456518 0.458457 0.460451 0.4625 0.464603 0.466761 0.468975 0.471243 0.473567 0.475947 0.478384 0.480878 0.48343 0.486041 0.488711 0.491441 0.494232 0.497084 0.5
0.5 0.496918 0.493903 0.490953 0.488067 0.485246 0.482488 0.479793 0.47716 0.474589 0.47208 0.469631 0.467244 0.464916 0.46265 0.460443 0.458296 0.456209 0.454182 0.452215 0.450307 0.44846 0.446674 0.444947 0.443281 0.441676 0.440132 0.43865 0.437229 0.43587 0.434573 0.433339 0.432167 0.431058 0.430013 0.429031 0.428114 0.42726 0.426471 0.425746 0.425086 0.424491 0.423961 0.423497 0.423098 0.422764 0.422496 0.422294 0.422157 0.422086 0.422081 0.422141 0.422266 0.422457 0.422713 0.423034 0.42342 0.423871 0.424386 0.424965 0.425607 0.426314 0.427083 0.427916 0.428811 0.429768 0.430786 0.431866 0.433007 0.434208 0.43547 0.436791 0.438171 0.439611 0.441108 0.442664 0.444277 0.445948 0.447676 0.449461 0.451302 0.453199 0.455153 0.457162 0.459227 0.461348 0.463525 0.465758 0.468046 0.470391 0.472792 0.47525 0.477765 0.480337 0.482968 0.485656 0.488404 0.491212 0.49408 0.497009 0.5
0.5 0.496843 0.493751 0.490724 0.487761 0.484862 0.482026 0.479253 0.476543 0.473895 0.471309 0.468785 0.466322 0.463921 0.461581 0.459302 0.457084 0.454928 0.452833 0.450799 0.448827 0.446916 0.445068 0.443281 0.441557 0.439896 0.438298 0.436763 0.435292 0.433884 0.432541 0.431263 0.430049 0.4289 0.427818 0.426801 0.42585 0.424965 0.424147 0.423396 0.422712 0.422096 0.421547 0.421065 0.420652 0.420306 0.420028 0.419818 0.419677 0.419603 0.419597 0.419659 0.419789 0.419987 0.420253 0.420585 0.420985 0.421452 0.421986 0.422586 0.423252 0.423984 0.424781 0.425644 0.426571 0.427562 0.428618 0.429737 0.430918 0.432163 0.433469 0.434838 0.436267 0.437757 0.439308 0.440918 0.442588 0.444317 0.446105 0.447951 0.449856 0.451818 0.453837 0.455914 0.458048 0.460239 0.462487 0.464791 0.467153 0.469571 0.472046 0.474579 0.477169 0.479817 0.482522 0.485287 0.48811 0.490992 0.493934 0.496937 0.5
0.5 0.49677 0.493605 0.490504 0.487466 0.484493 0.481582 0.478735 0.47595 0.473228 0.470568 0.467971 0.465436 0.462963 0.460552 0.458204 0.455918 0.453695 0.451534 0.449436 0.447401 0.445429 0.443521 0.441676 0.439896 0.43818 0.43653 0.434944 0.433424 0.43197 0.430582 0.42926 0.428006 0.426819 0.425699 0.424648 0.423665 0.42275 0.421905 0.421128 0.420421 0.419784 0.419216 0.418718 0.41829 0.417933 0.417645 0.417428 0.417282 0.417205 0.417199 0.417264 0.417398 0.417603 0.417877 0.418221 0.418635 0.419117 0.419669 0.42029 0.420978 0.421735 0.42256 0.423451 0.42441 0.425435 0.426526 0.427682 0.428904 0.43019 0.43154 0.432954 0.434431 0.435971 0.437572 0.439236 0.440961 0.442746 0.444592 0.446498 0.448463 0.450488 0.452571 0.454713 0.456913 0.459172 0.461488 0.463862 0.466294 0.468783 0.47133 0.473934 0.476596 0.479317 0.482095 0.484932 0.487827 0.490781 0.493794 0.496867 0.5
0.5 0.496701 0.493465 0.490293 0.487184 0.484139 0.481157 0.478237 0.475381 0.472588 0.469857 0.46719 0.464585 0.462043 0.459565 0.457149 0.454798 0.452509 0.450285 0.448125 0.446029 0.443999 0.442033 0.440132 0.438298 0.43653 0.434828 0.433193 0.431626 0.430126 0.428695 0.427332 0.426038 0.424814 0.423659 0.422575 0.42156 0.420617 0.419744 0.418943 0.418213 0.417556 0.41697 0.416456 0.416014 0.415645 0.415349 0.415125 0.414974 0.414895 0.414889 0.414955 0.415094 0.415305 0.415588 0.415943 0.416369 0.416868 0.417437 0.418077 0.418788 0.419569 0.420419 0.421339 0.422328 0.423385 0.424511 0.425704 0.426964 0.42829 0.429683 0.431141 0.432664 0.434251 0.435903 0.437618 0.439395 0.441235 0.443137 0.4451 0.447125 0.44921 0.451355 0.453559 0.455823 0.458147 0.460529 0.46297 0.465469 0.468026 0.470642 0.473316 0.476047 0.478837 0.481685 0.484591 0.487556 0.490579 0.49366 0.496801 0.5
0.5 0.496634 0.493331 0.490091 0.486914 0.4838 0.480749 0.477761 0.474836 0.471974 0.469176 0.46644 0.463769 0.461161 0.458617 0.456138 0.453723 0.451372 0.449087 0.446867 0.444713 0.442625 0.440604 0.43865 0.436763 0.434944 0.433193 0.431511 0.429898 0.428355 0.426882 0.425479 0.424147 0.422887 0.421698 0.420581 0.419537 0.418565 0.417667 0.416842 0.41609 0.415413 0.414809 0.41428 0.413825 0.413445 0.41314 0.412909 0.412753 0.412672 0.412666 0.412734 0.412877 0.413094 0.413386 0.413751 0.414191 0.414704 0.41529 0.415949 0.416681 0.417485 0.418361 0.419308 0.420327 0.421415 0.422574 0.423802 0.425099 0.426465 0.427898 0.429399 0.430966 0.4326 0.434299 0.436063 0.437892 0.439784 0.44174 0.443759 0.44584 0.447983 0.450187 0.452452 0.454778 0.457164 0.459609 0.462114 0.464678 0.467301 0.469983 0.472723 0.475521 0.478378 0.481292 0.484265 0.487296 0.490385 0.493532 0.496737 0.5
0.5 0.49657 0.493203 0.489898 0.486655 0.483476 0.480359 0.477305 0.474314 0.471387 0.468523 0.465724 0.462988 0.460317 0.457711 0.455169 0.452693 0.450283 0.44794 0.445662 0.443452 0.44131 0.439235 0.437229 0.435292 0.433424 0.431626 0.429898 0.428242 0.426656 0.425143 0.423702 0.422333 0.421038 0.419816 0.418668 0.417595 0.416596 0.415673 0.414825 0.414052 0.413356 0.412735 0.412191 0.411724 0.411333 0.411019 0.410782 0.410622 0.410538 0.410532 0.410602 0.410748 0.410972 0.411272 0.411647 0.412099 0.412626 0.413229 0.413907 0.414659 0.415486 0.416386 0.41736 0.418406 0.419525 0.420716 0.421978 0.423311 0.424714 0.426187 0.427728 0.429338 0.431016 0.432761 0.434573 0.436451 0.438394 0.440402 0.442474 0.444609 0.446808 0.449069 0.451393 0.453777 0.456223 0.458729 0.461296 0.463922 0.466608 0.469352 0.472156 0.475018 0.477939 0.480917 0.483953 0.487048 0.4902 0.493409 0.496676 0.5
0.5 0.496509 0.49308 0.489713 0.486409 0.483166 0.479986 0.47687 0.473816 0.470826 0.467901 0.465039 0.462242 0.45951 0.456844 0.454244 0.45171 0.449243 0.446843 0.444511 0.442247 0.440052 0.437926 0.43587 0.433884 0.43197 0.430126 0.428355 0.426656 0.425031 0.423478 0.422 0.420596 0.419268 0.418014 0.416837 0.415736 0.414711 0.413763 0.412893 0.412101 0.411386 0.410749 0.410191 0.409711 0.40931 0.408988 0.408744 0.40858 0.408494 0.408487 0.408559 0.40871 0.408939 0.409247 0.409632 0.410096 0.410637 0.411255 0.411951 0.412723 0.413571 0.414494 0.415493 0.416567 0.417715 0.418937 0.420232 0.421599 0.423038 0.424548 0.42613 0.427781 0.429501 0.431291 0.433148 0.435073 0.437064 0.439122 0.441245 0.443433 0.445685 0.448001 0.45038 0.452821 0.455324 0.457889 0.460514 0.4632 0.465945 0.468751 0.471615 0.474538 0.477519 0.480559 0.483656 0.486811 0.490023 0.493292 0.496618 0.5
0.5 0.496451 0.492964 0.489538 0.486173 0.482871 0.479632 0.476455 0.473342 0.470292 0.467307 0.464387 0.461531 0.458742 0.456018 0.453362 0.450772 0.44825 0.445797 0.443412 0.441097 0.438851 0.436677 0.434573 0.432541 0.430582 0.428695 0.426882 0.425143 0.423478 0.421889 0.420375 0.418938 0.417577 0.416293 0.415087 0.41396 0.41291 0.411939 0.411048 0.410236 0.409504 0.408851 0.408279 0.407788 0.407377 0.407047 0.406797 0.406629 0.406541 0.406534 0.406608 0.406762 0.406997 0.407312 0.407707 0.408182 0.408736 0.40937 0.410082 0.410873 0.411741 0.412688 0.413711 0.414811 0.415987 0.417238 0.418564 0.419964 0.421438 0.422984 0.424603 0.426294 0.428055 0.429887 0.431788 0.433758 0.435796 0.437901 0.440073 0.442311 0.444614 0.446982 0.449414 0.451909 0.454467 0.457087 0.459769 0.462511 0.465314 0.468177 0.471099 0.47408 0.47712 0.480218 0.483373 0.486585 0.489855 0.49318 0.496562 0.5
0.5 0.496396 0.492853 0.489371 0.48595 0.482591 0.479295 0.476061 0.472891 0.469785 0.466743 0.463766 0.460855 0.458011 0.455233 0.452522 0.44988 0.447306 0.444801 0.442366 0.440002 0.437709 0.435488 0.433339 0.431263 0.42926 0.427332 0.425479 0.423702 0.422 0.420375 0.418828 0.417358 0.415967 0.414654 0.413421 0.412267 0.411194 0.410201 0.40929 0.408459 0.40771 0.407043 0.406458 0.405955 0.405535 0.405197 0.404942 0.404769 0.404679 0.404672 0.404748 0.404905 0.405145 0.405468 0.405872 0.406358 0.406925 0.407573 0.408301 0.40911 0.409998 0.410966 0.412013 0.413137 0.41434 0.415619 0.416975 0.418407 0.419914 0.421495 0.42315 0.424878 0.426678 0.42855 0.430493 0.432506 0.434588 0.436739 0.438958 0.441243 0.443595 0.446013 0.448496 0.451042 0.453652 0.456325 0.459061 0.461857 0.464714 0.467632 0.470609 0.473646 0.476741 0.479893 0.483104 0.486371 0.489695 0.493074 0.49651 0.5
0.5 0.496344 0.492748 0.489213 0.485738 0.482326 0.478975 0.475687 0.472463 0.469303 0.466208 0.463178 0.460214 0.457317 0.454488 0.451726 0.449034 0.44641 0.443857 0.441375 0.438964 0.436625 0.434359 0.432167 0.430049 0.428006 0.426038 0.424147 0.422333 0.420596 0.418938 0.417358 0.415858 0.414437 0.413097 0.411838 0.41066 0.409564 0.40855 0.407619 0.406771 0.406006 0.405325 0.404727 0.404213 0.403784 0.403439 0.403178 0.403002 0.40291 0.402903 0.40298 0.403141 0.403386 0.403715 0.404128 0.404624 0.405203 0.405865 0.406609 0.407435 0.408342 0.409331 0.410399 0.411548 0.412776 0.414082 0.415466 0.416928 0.418466 0.420081 0.42177 0.423534 0.425371 0.427282 0.429264 0.431318 0.433442 0.435636 0.437899 0.44023 0.442629 0.445094 0.447624 0.45022 0.45288 0.455603 0.458389 0.461237 0.464146 0.467116 0.470145 0.473234 0.476381 0.479586 0.482849 0.486168 0.489543 0.492974 0.49646 0.5
0.5 0.496295 0.492649 0.489063 0.485538 0.482075 0.478673 0.475334 0.472059 0.468848 0.465702 0.462622 0.459609 0.456662 0.453784 0.450974 0.448233 0.445563 0.442964 0.440436 0.437981 0.435599 0.433292 0.431058 0.4289 0.426819 0.424814 0.422887 0.421038 0.419268 0.417577 0.415967 0.414437 0.412989 0.411623 0.410339 0.409138 0.40802 0.406986 0.406037 0.405172 0.404392 0.403697 0.403088 0.402564 0.402126 0.401774 0.401508 0.401328 0.401235 0.401227 0.401306 0.40147 0.40172 0.402056 0.402477 0.402982 0.403573 0.404248 0.405007 0.405849 0.406774 0.407782 0.408872 0.410043 0.411295 0.412627 0.414038 0.415528 0.417096 0.418742 0.420464 0.422262 0.424134 0.426081 0.428101 0.430194 0.432358 0.434593 0.436898 0.439272 0.441715 0.444224 0.446801 0.449443 0.452149 0.45492 0.457754 0.46065 0.463608 0.466627 0.469706 0.472844 0.476041 0.479296 0.482608 0.485976 0.4894 0.492879 0.496413 0.5
0.5 0.496249 0.492556 0.488923 0.48535 0.481838 0.478389 0.475002 0.471679 0.46842 0.465226 0.462099 0.459038 0.456045 0.45312 0.450265 0.447479 0.444765 0.442122 0.439552 0.437055 0.434633 0.432285 0.430013 0.427818 0.425699 0.423659 0.421698 0.419816 0.418014 0.416293 0.414654 0.413097 0.411623 0.410231 0.408924 0.407701 0.406563 0.405511 0.404544 0.403663 0.402869 0.402161 0.40154 0.401007 0.400561 0.400203 0.399932 0.399749 0.399653 0.399646 0.399725 0.399893 0.400147 0.400489 0.400918 0.401433 0.402034 0.402722 0.403494 0.404352 0.405294 0.406321 0.40743 0.408623 0.409897 0.411253 0.41269 0.414207 0.415804 0.417479 0.419232 0.421062 0.422968 0.424949 0.427005 0.429134 0.431336 0.43361 0.435955 0.438369 0.440853 0.443405 0.446024 0.44871 0.451461 0.454277 0.457156 0.460098 0.463102 0.466168 0.469293 0.472478 0.475721 0.479023 0.482381 0.485795 0.489265 0.49279 0.496368 0.5
0.5 0.496205 0.492468 0.488791 0.485173 0.481617 0.478122 0.47469 0.471322 0.468018 0.464779 0.461607 0.458502 0.455465 0.452497 0.449599 0.446771 0.444015 0.441332 0.438722 0.436186 0.433725 0.43134 0.429031 0.426801 0.424648 0.422575 0.420581 0.418668 0.416837 0.415087 0.413421 0.411838 0.410339 0.408924 0.407595 0.406352 0.405194 0.404124 0.403141 0.402245 0.401437 0.400717 0.400086 0.399543 0.39909 0.398725 0.39845 0.398264 0.398167 0.398159 0.39824 0.39841 0.398669 0.399017 0.399453 0.399977 0.400588 0.401287 0.402073 0.402945 0.403904 0.404947 0.406076 0.407288 0.408584 0.409963 0.411424 0.412967 0.41459 0.416293 0.418075 0.419935 0.421872 0.423886 0.425975 0.428139 0.430376 0.432687 0.435069 0.437522 0.440044 0.442636 0.445296 0.448023 0.450815 0.453673 0.456595 0.45958 0.462627 0.465736 0.468905 0.472134 0.475421 0.478766 0.482168 0.485626 0.489139 0.492706 0.496327 0.5
0.5 0.496164 0.492386 0.488667 0.485008 0.48141 0.477873 0.474399 0.470988 0.467642 0.464362 0.461148 0.458002 0.454924 0.451915 0.448977 0.44611 0.443315 0.440593 0.437946 0.435373 0.432876 0.430456 0.428114 0.42585 0.423665 0.42156 0.419537 0.417595 0.415736 0.41396 0.412267 0.41066 0.409138 0.407701 0.406352 0.405089 0.403913 0.402826 0.401828 0.400918 0.400097 0.399366 0.398725 0.398174 0.397713 0.397343 0.397063 0.396874 0.396776 0.396768 0.39685 0.397023 0.397286 0.397639 0.398082 0.398614 0.399235 0.399945 0.400743 0.401629 0.402602 0.403662 0.404808 0.40604 0.407356 0.408756 0.41024 0.411806 0.413454 0.415183 0.416992 0.418881 0.420847 0.422892 0.425012 0.427208 0.429479 0.431824 0.434241 0.436729 0.439289 0.441918 0.444615 0.44738 0.450212 0.453109 0.456071 0.459096 0.462184 0.465333 0.468543 0.471813 0.475141 0.478527 0.48197 0.485468 0.489021 0.492628 0.496288 0.5
0.5 0.496127 0.49231 0.488553 0.484855 0.481217 0.477641 0.474128 0.470678 0.467293 0.463974 0.460721 0.457536 0.45442 0.451374 0.448398 0.445495 0.442664 0.439907 0.437224 0.434617 0.432087 0.429634 0.42726 0.424965 0.42275 0.420617 0.418565 0.416596 0.414711 0.41291 0.411194 0.409564 0.40802 0.406563 0.405194 0.403913 0.402721 0.401619 0.400606 0.399683 0.39885 0.398109 0.397459 0.3969 0.396432 0.396056 0.395773 0.395581 0.395481 0.395473 0.395556 0.395732 0.395998 0.396357 0.396806 0.397346 0.397976 0.398696 0.399506 0.400404 0.401391 0.402466 0.403629 0.404878 0.406213 0.407633 0.409138 0.410726 0.412398 0.414151 0.415985 0.4179 0.419894 0.421967 0.424117 0.426343 0.428645 0.431021 0.433471 0.435993 0.438586 0.441249 0.443982 0.446783 0.449651 0.452585 0.455584 0.458646 0.461772 0.464959 0.468207 0.471515 0.474881 0.478305 0.481785 0.485321 0.488912 0.492555 0.496252 0.5
0.5 0.496092 0.49224 0.488447 0.484713 0.481039 0.477427 0.473878 0.470392 0.466971 0.463615 0.460327 0.457106 0.453955 0.450874 0.447864 0.444926 0.442062 0.439272 0.436557 0.433918 0.431357 0.428874 0.426471 0.424147 0.421905 0.419744 0.417667 0.415673 0.413763 0.411939 0.410201 0.40855 0.406986 0.405511 0.404124 0.402826 0.401619 0.400502 0.399475 0.39854 0.397697 0.396946 0.396287 0.39572 0.395247 0.394866 0.394578 0.394384 0.394283 0.394274 0.394359 0.394537 0.394807 0.39517 0.395625 0.396172 0.396811 0.39754 0.39836 0.399271 0.400271 0.40136 0.402538 0.403803 0.405155 0.406594 0.408118 0.409727 0.41142 0.413196 0.415054 0.416993 0.419013 0.421112 0.423289 0.425543 0.427873 0.430279 0.432759 0.435312 0.437936 0.440632 0.443397 0.446231 0.449132 0.4521 0.455133 0.458231 0.461391 0.464613 0.467896 0.471239 0.47464 0.478099 0.481615 0.485185 0.48881 0.492488 0.496219 0.5
0.5 0.49606 0.492176 0.48835 0.484583 0.480876 0.477231 0.473648 0.470129 0.466675 0.463286 0.459965 0.456712 0.453528 0.450415 0.447373 0.444404 0.441509 0.438689 0.435944 0.433277 0.430687 0.428177 0.425746 0.423396 0.421128 0.418943 0.416842 0.414825 0.412893 0.411048 0.40929 0.407619 0.406037 0.404544 0.403141 0.401828 0.400606 0.399475 0.398437 0.39749 0.396637 0.395877 0.39521 0.394637 0.394158 0.393772 0.393481 0.393284 0.393182 0.393174 0.393259 0.393439 0.393713 0.39408 0.39454 0.395094 0.39574 0.396478 0.397309 0.39823 0.399242 0.400344 0.401536 0.402816 0.404184 0.40564 0.407182 0.40881 0.410523 0.412319 0.414199 0.416161 0.418204 0.420327 0.422528 0.424808 0.427165 0.429598 0.432105 0.434686 0.43734 0.440065 0.44286 0.445725 0.448657 0.451656 0.45472 0.457849 0.461042 0.464296 0.467611 0.470986 0.47442 0.477911 0.481458 0.485061 0.488718 0.492427 0.496188 0.5
0.5 0.496031 0.492117 0.488262 0.484465 0.480728 0.477052 0.473439 0.46989 0.466405 0.462987 0.459636 0.456353 0.45314 0.449997 0.446927 0.443929 0.441006 0.438158 0.435387 0.432693 0.430077 0.427541 0.425086 0.422712 0.420421 0.418213 0.41609 0.414052 0.412101 0.410236 0.408459 0.406771 0.405172 0.403663 0.402245 0.400918 0.399683 0.39854 0.39749 0.396534 0.395672 0.394903 0.394229 0.39365 0.393165 0.392776 0.392482 0.392283 0.392179 0.39217 0.392257 0.392439 0.392715 0.393087 0.393552 0.394112 0.394765 0.395511 0.39635 0.397281 0.398304 0.399418 0.400623 0.401917 0.4033 0.404771 0.406329 0.407975 0.409705 0.411521 0.41342 0.415403 0.417467 0.419612 0.421836 0.424139 0.42652 0.428978 0.43151 0.434117 0.436797 0.439549 0.442372 0.445264 0.448224 0.451251 0.454344 0.457502 0.460724 0.464007 0.467352 0.470756 0.474219 0.47774 0.481316 0.484948 0.488633 0.492371 0.49616 0.5
0.5 0.496004 0.492065 0.488182 0.484358 0.480594 0.476892 0.473251 0.469674 0.466163 0.462717 0.459339 0.456029 0.45279 0.449621 0.446524 0.443501 0.440553 0.43768 0.434884 0.432166 0.429527 0.426969 0.424491 0.422096 0.419784 0.417556 0.415413 0.413356 0.411386 0.409504 0.40771 0.406006 0.404392 0.402869 0.401437 0.400097 0.39885 0.397697 0.396637 0.395672 0.394801 0.394025 0.393344 0.392759 0.39227 0.391877 0.39158 0.391379 0.391274 0.391266 0.391353 0.391537 0.391816 0.392191 0.392661 0.393226 0.393885 0.394639 0.395486 0.396426 0.397459 0.398583 0.399799 0.401106 0.402502 0.403987 0.40556 0.407221 0.408968 0.410801 0.412718 0.414719 0.416802 0.418967 0.421212 0.423537 0.425939 0.428419 0.430974 0.433604 0.436308 0.439084 0.441931 0.444848 0.447834 0.450887 0.454006 0.45719 0.460437 0.463747 0.467118 0.470549 0.474038 0.477585 0.481188 0.484846 0.488557 0.492321 0.496135 0.5
0.5 0.495981 0.492018 0.488111 0.484264 0.480475 0.476748 0.473084 0.469483 0.465947 0.462477 0.459075 0.455741 0.452478 0.449286 0.446166 0.44312 0.440149 0.437254 0.434437 0.431698 0.429038 0.426459 0.423961 0.421547 0.419216 0.41697 0.414809 0.412735 0.410749 0.408851 0.407043 0.405325 0.403697 0.402161 0.400717 0.399366 0.398109 0.396946 0.395877 0.394903 0.394025 0.393242 0.392556 0.391966 0.391473 0.391076 0.390776 0.390574 0.390468 0.39046 0.390548 0.390733 0.391015 0.391393 0.391867 0.392436 0.393101 0.393861 0.394716 0.395664 0.396705 0.39784 0.399066 0.400383 0.401791 0.403289 0.404876 0.40655 0.408312 0.41016 0.412093 0.41411 0.416211 0.418393 0.420656 0.423 0.425422 0.427921 0.430497 0.433148 0.435873 0.43867 0.441539 0.444478 0.447487 0.450562 0.453704 0.456911 0.460182 0.463516 0.46691 0.470365 0.473878 0.477448 0.481074 0.484755 0.488489 0.492276 0.496113 0.5
0.5 0.495961 0.491977 0.488049 0.484181 0.480371 0.476623 0.472937 0.469315 0.465758 0.462267 0.458843 0.455489 0.452205 0.448992 0.445852 0.442786 0.439796 0.436881 0.434045 0.431287 0.428609 0.426012 0.423497 0.421065 0.418718 0.416456 0.41428 0.412191 0.410191 0.408279 0.406458 0.404727 0.403088 0.40154 0.400086 0.398725 0.397459 0.396287 0.39521 0.394229 0.393344 0.392556 0.391864 0.39127 0.390773 0.390374 0.390072 0.389868 0.389761 0.389753 0.389841 0.390028 0.390312 0.390692 0.39117 0.391744 0.392414 0.393179 0.39404 0.394995 0.396045 0.397187 0.398422 0.39975 0.401168 0.402677 0.404275 0.405962 0.407736 0.409598 0.411545 0.413576 0.415692 0.41789 0.420169 0.422529 0.424968 0.427485 0.430078 0.432748 0.435491 0.438308 0.441196 0.444154 0.447182 0.450278 0.45344 0.456668 0.459959 0.463313 0.466728 0.470203 0.473737 0.477328 0.480974 0.484676 0.48843 0.492237 0.496094 0.5
0.5 0.495943 0.491941 0.487996 0.484109 0.480282 0.476515 0.472811 0.469171 0.465595 0.462086 0.458645 0.455272 0.45197 0.44874 0.445583 0.442499 0.439492 0.436561 0.433708 0.430934 0.42824 0.425628 0.423098 0.420652 0.41829 0.416014 0.413825 0.411724 0.409711 0.407788 0.405955 0.404213 0.402564 0.401007 0.399543 0.398174 0.3969 0.39572 0.394637 0.39365 0.392759 0.391966 0.39127 0.390672 0.390172 0.38977 0.389466 0.389261 0.389154 0.389145 0.389234 0.389422 0.389707 0.390091 0.390571 0.391149 0.391823 0.392594 0.39346 0.394421 0.395477 0.396627 0.39787 0.399205 0.400632 0.402151 0.403759 0.405456 0.407242 0.409114 0.411073 0.413118 0.415246 0.417457 0.419751 0.422125 0.424578 0.42711 0.429719 0.432404 0.435163 0.437996 0.440901 0.443876 0.446921 0.450034 0.453214 0.456459 0.459767 0.463139 0.466572 0.470065 0.473616 0.477224 0.480889 0.484608 0.488379 0.492203 0.496077 0.5
