0.5 0.4901 0.4804 0.4709 0.4616 0.4525 0.4436 0.4349 0.4264 0.4181 0.41 0.4021 0.3944 0.3869 0.3796 0.3725 0.3656 0.3589 0.3524 0.3461 0.34 0.3341 0.3284 0.3229 0.3176 0.3125 0.3076 0.3029 0.2984 0.2941 0.29 0.2861 0.2824 0.2789 0.2756 0.2725 0.2696 0.2669 0.2644 0.2621 0.26 0.2581 0.2564 0.2549 0.2536 0.2525 0.2516 0.2509 0.2504 0.2501 0.25 0.2501 0.2504 0.2509 0.2516 0.2525 0.2536 0.2549 0.2564 0.2581 0.26 0.2621 0.2644 0.2669 0.2696 0.2725 0.2756 0.2789 0.2824 0.2861 0.29 0.2941 0.2984 0.3029 0.3076 0.3125 0.3176 0.3229 0.3284 0.3341 0.34 0.3461 0.3524 0.3589 0.3656 0.3725 0.3796 0.3869 0.3944 0.4021 0.41 0.4181 0.4264 0.4349 0.4436 0.4525 0.4616 0.4709 0.4804 0.4901 0.5
0.4901 0.479101 0.468502 0.458224 0.44823 0.438499 0.42902 0.419782 0.410781 0.402012 0.39347 0.385155 0.377062 0.369191 0.36154 0.354106 0.34689 0.339889 0.333104 0.326533 0.320175 0.31403 0.308097 0.302376 0.296866 0.291567 0.286479 0.2816 0.276931 0.272471 0.26822 0.264178 0.260345 0.25672 0.253303 0.250094 0.247092 0.244299 0.241713 0.239334 0.237162 0.235198 0.23344 0.23189 0.230546 0.229409 0.228479 0.227756 0.227239 0.226929 0.226826 0.226929 0.227239 0.227756 0.228479 0.229409 0.230546 0.23189 0.23344 0.235198 0.237162 0.239334 0.241712 0.244298 0.247092 0.250093 0.253302 0.256719 0.260344 0.264178 0.26822 0.27247 0.27693 0.281599 0.286478 0.291567 0.296866 0.302376 0.308097 0.31403 0.320174 0.326532 0.333103 0.339889 0.346889 0.354106 0.361539 0.369191 0.377062 0.385154 0.39347 0.402011 0.410781 0.419782 0.429019 0.438499 0.44823 0.458224 0.468502 0.479101 0.4901
0.4804 0.468502 0.457084 0.446065 0.435397 0.425048 0.414997 0.405228 0.39573 0.386495 0.377515 0.368787 0.360304 0.352063 0.344061 0.336296 0.328764 0.321464 0.314394 0.307552 0.300937 0.294548 0.288383 0.282441 0.276722 0.271224 0.265947 0.26089 0.256052 0.251433 0.247031 0.242848 0.238881 0.235131 0.231598 0.22828 0.225177 0.22229 0.219618 0.21716 0.214917 0.212888 0.211074 0.209473 0.208086 0.206912 0.205952 0.205205 0.204672 0.204352 0.204245 0.204352 0.204672 0.205205 0.205952 0.206912 0.208085 0.209472 0.211073 0.212888 0.214917 0.21716 0.219617 0.222289 0.225176 0.228279 0.231597 0.23513 0.23888 0.242847 0.24703 0.251432 0.256051 0.260889 0.265946 0.271223 0.276721 0.28244 0.288382 0.294547 0.300936 0.307551 0.314393 0.321463 0.328763 0.336295 0.34406 0.352062 0.360303 0.368786 0.377515 0.386494 0.395729 0.405227 0.414996 0.425048 0.435397 0.446065 0.457083 0.468502 0.4804
0.4709 0.458224 0.446065 0.434355 0.423045 0.412099 0.401491 0.391202 0.381216 0.371522 0.36211 0.352972 0.344103 0.335496 0.327146 0.319051 0.311206 0.303608 0.296255 0.289144 0.282274 0.275641 0.269245 0.263084 0.257156 0.25146 0.245996 0.240761 0.235754 0.230976 0.226425 0.2221 0.218001 0.214126 0.210476 0.20705 0.203847 0.200866 0.198108 0.195572 0.193258 0.191165 0.189293 0.187642 0.186211 0.185001 0.184011 0.183241 0.182691 0.182361 0.182251 0.182361 0.182691 0.183241 0.18401 0.185 0.186211 0.187641 0.189292 0.191164 0.193257 0.195571 0.198107 0.200865 0.203846 0.207049 0.210475 0.214125 0.217999 0.222099 0.226423 0.230975 0.235753 0.240759 0.245994 0.251459 0.257154 0.263082 0.269243 0.27564 0.282272 0.289143 0.296254 0.303607 0.311204 0.319049 0.327145 0.335494 0.344101 0.352971 0.362109 0.371521 0.381215 0.391201 0.40149 0.412098 0.423044 0.434355 0.446065 0.458224 0.4709
0.4616 0.44823 0.435397 0.423045 0.411128 0.399612 0.388467 0.377673 0.367211 0.357067 0.34723 0.33769 0.328439 0.31947 0.310777 0.302356 0.2942 0.286308 0.278674 0.271297 0.264172 0.257298 0.250672 0.244293 0.238158 0.232265 0.226614 0.221202 0.216029 0.211093 0.206392 0.201927 0.197695 0.193697 0.189931 0.186397 0.183093 0.18002 0.177177 0.174563 0.172177 0.17002 0.168091 0.16639 0.164916 0.163669 0.162649 0.161856 0.16129 0.16095 0.160837 0.16095 0.16129 0.161856 0.162649 0.163669 0.164915 0.166389 0.16809 0.170019 0.172176 0.174561 0.177175 0.180019 0.183092 0.186395 0.189929 0.193695 0.197693 0.201925 0.20639 0.21109 0.216027 0.2212 0.226612 0.232263 0.238156 0.244291 0.25067 0.257296 0.26417 0.271294 0.278672 0.286306 0.294198 0.302354 0.310775 0.319468 0.328437 0.337688 0.347228 0.357066 0.36721 0.377672 0.388466 0.399611 0.411128 0.423044 0.435397 0.44823 0.4616
0.4525 0.438499 0.425048 0.412099 0.399612 0.387553 0.375893 0.364611 0.353687 0.343105 0.332853 0.322919 0.313293 0.303969 0.294937 0.286194 0.277732 0.269548 0.261637 0.253995 0.246619 0.239506 0.232653 0.226057 0.219717 0.213629 0.207793 0.202206 0.196866 0.191773 0.186924 0.182319 0.177956 0.173835 0.169954 0.166312 0.162909 0.159744 0.156815 0.154124 0.151668 0.149447 0.147462 0.14571 0.144194 0.14291 0.141861 0.141045 0.140462 0.140113 0.139996 0.140112 0.140462 0.141045 0.14186 0.14291 0.144193 0.145709 0.14746 0.149446 0.151666 0.154122 0.156814 0.159742 0.162907 0.16631 0.169952 0.173833 0.177954 0.182317 0.186922 0.19177 0.196863 0.202203 0.20779 0.213626 0.219714 0.226055 0.23265 0.239503 0.246617 0.253993 0.261634 0.269545 0.27773 0.286191 0.294935 0.303966 0.313291 0.322917 0.332851 0.343104 0.353685 0.36461 0.375892 0.387552 0.399611 0.412098 0.425048 0.438499 0.4525
0.4436 0.42902 0.414997 0.401491 0.388467 0.375893 0.363743 0.351991 0.340621 0.329614 0.318958 0.308638 0.298647 0.288973 0.27961 0.27055 0.261787 0.253315 0.245131 0.237228 0.229604 0.222254 0.215176 0.208367 0.201823 0.195542 0.189522 0.183761 0.178257 0.173008 0.168012 0.163269 0.158776 0.154532 0.150537 0.146789 0.143287 0.14003 0.137017 0.134248 0.131722 0.129439 0.127397 0.125596 0.124037 0.122718 0.121639 0.1208 0.120201 0.119841 0.119722 0.119841 0.1202 0.120799 0.121638 0.122717 0.124036 0.125595 0.127395 0.129437 0.131721 0.134246 0.137015 0.140028 0.143284 0.146786 0.150534 0.15453 0.158773 0.163266 0.168009 0.173005 0.178253 0.183758 0.189519 0.195538 0.201819 0.208363 0.215173 0.222251 0.2296 0.237225 0.245127 0.253312 0.261784 0.270547 0.279607 0.28897 0.298644 0.308636 0.318955 0.329612 0.340619 0.35199 0.363741 0.375892 0.388466 0.40149 0.414996 0.429019 0.4436
0.4349 0.419782 0.405228 0.391202 0.377673 0.364611 0.351991 0.339791 0.327991 0.316573 0.305524 0.294831 0.284482 0.274467 0.264779 0.255408 0.246349 0.237595 0.229142 0.220982 0.213113 0.205531 0.198231 0.19121 0.184465 0.177993 0.171792 0.165859 0.160192 0.154789 0.149648 0.144768 0.140146 0.135781 0.131673 0.127819 0.124219 0.120871 0.117775 0.11493 0.112335 0.109988 0.107891 0.106041 0.104439 0.103084 0.101976 0.101115 0.100499 0.10013 0.100007 0.10013 0.100499 0.101114 0.101975 0.103083 0.104438 0.10604 0.107889 0.109986 0.112332 0.114928 0.117773 0.120869 0.124216 0.127816 0.13167 0.135778 0.140142 0.144764 0.149644 0.154785 0.160188 0.165855 0.171788 0.177989 0.184461 0.191206 0.198227 0.205527 0.213109 0.220978 0.229138 0.237592 0.246346 0.255405 0.264775 0.274464 0.284479 0.294828 0.305521 0.316571 0.327988 0.339789 0.35199 0.36461 0.377672 0.391201 0.405227 0.419782 0.4349
0.4264 0.410781 0.39573 0.381216 0.367211 0.353687 0.340621 0.327991 0.315777 0.303964 0.292535 0.281478 0.270782 0.260435 0.250429 0.240755 0.231406 0.222376 0.213657 0.205246 0.197136 0.189324 0.181806 0.174576 0.167633 0.160973 0.154593 0.148491 0.142663 0.137108 0.131823 0.126807 0.122058 0.117574 0.113354 0.109395 0.105698 0.102261 0.099082 0.096161 0.0934969 0.0910887 0.0889359 0.0870378 0.0853939 0.0840036 0.0828666 0.0819826 0.0813513 0.0809726 0.0808463 0.0809723 0.0813508 0.0819819 0.0828656 0.0840024 0.0853924 0.0870361 0.088934 0.0910865 0.0934944 0.0961584 0.0990792 0.102258 0.105695 0.109392 0.11335 0.11757 0.122054 0.126803 0.131819 0.137103 0.142658 0.148486 0.154589 0.160969 0.167629 0.174572 0.181801 0.18932 0.197132 0.205242 0.213653 0.222371 0.231402 0.240751 0.250425 0.260431 0.270778 0.281475 0.292532 0.303961 0.315775 0.327988 0.340619 0.353685 0.367209 0.381215 0.395729 0.41078 0.4264
0.4181 0.402012 0.386495 0.371522 0.357067 0.343105 0.329614 0.316573 0.303964 0.291769 0.279974 0.268566 0.257532 0.246862 0.236547 0.226577 0.216945 0.207643 0.198666 0.190007 0.181662 0.173624 0.165891 0.158457 0.151319 0.144473 0.137917 0.131647 0.125661 0.119955 0.114529 0.109379 0.104504 0.0999024 0.0955715 0.0915102 0.0877171 0.084191 0.0809306 0.0779348 0.0752027 0.0727333 0.0705259 0.0685798 0.0668944 0.0654691 0.0643036 0.0633974 0.0627502 0.062362 0.0622324 0.0623617 0.0627496 0.0633965 0.0643024 0.0654677 0.0668927 0.0685779 0.0705237 0.0727308 0.0752 0.0779318 0.0809274 0.0841876 0.0877135 0.0915064 0.0955675 0.0998982 0.1045 0.109375 0.114525 0.119951 0.125656 0.131642 0.137912 0.144468 0.151314 0.158452 0.165886 0.173619 0.181657 0.190002 0.198661 0.207639 0.21694 0.226572 0.236543 0.246858 0.257528 0.268562 0.279971 0.291766 0.303961 0.316571 0.329612 0.343103 0.357065 0.371521 0.386494 0.402011 0.4181
0.41 0.39347 0.377515 0.36211 0.34723 0.332853 0.318958 0.305524 0.292535 0.279974 0.267826 0.256078 0.244718 0.233735 0.223119 0.212861 0.202952 0.193386 0.184156 0.175255 0.166678 0.15842 0.150476 0.142841 0.135511 0.128483 0.121754 0.115319 0.109177 0.103324 0.097758 0.0924766 0.0874776 0.0827591 0.0783192 0.0741562 0.0702686 0.066655 0.0633139 0.0602443 0.0574451 0.0549153 0.0526541 0.0506606 0.0489342 0.0474743 0.0462805 0.0453524 0.0446896 0.044292 0.0441593 0.0442916 0.044689 0.0453515 0.0462793 0.0474728 0.0489323 0.0506584 0.0526516 0.0549126 0.0574421 0.0602411 0.0633104 0.0666512 0.0702646 0.074152 0.0783148 0.0827545 0.0874728 0.0924716 0.0977528 0.103319 0.109171 0.115314 0.121748 0.128478 0.135505 0.142835 0.15047 0.158414 0.166673 0.17525 0.184151 0.193381 0.202947 0.212856 0.223114 0.233731 0.244714 0.256074 0.267822 0.279971 0.292532 0.305521 0.318955 0.332851 0.347228 0.362109 0.377515 0.39347 0.41
0.4021 0.385155 0.368787 0.352972 0.33769 0.322919 0.308638 0.294831 0.281478 0.268566 0.256078 0.244003 0.232327 0.221041 0.210133 0.199594 0.189417 0.179593 0.170116 0.160979 0.152176 0.143701 0.135551 0.127719 0.120201 0.112995 0.106095 0.0994987 0.0932031 0.0872049 0.0815017 0.0760907 0.0709697 0.0661366 0.0615894 0.0573263 0.0533456 0.0496457 0.0462252 0.0430829 0.0402175 0.0376282 0.0353138 0.0332736 0.0315068 0.0300128 0.0287912 0.0278414 0.0271632 0.0267563 0.0266206 0.026756 0.0271625 0.0278404 0.0287898 0.0300111 0.0315047 0.0332712 0.0353111 0.0376252 0.0402143 0.0430793 0.0462213 0.0496415 0.0533412 0.0573217 0.0615846 0.0661316 0.0709645 0.0760853 0.0814961 0.0871992 0.0931972 0.0994928 0.106089 0.112988 0.120195 0.127712 0.135544 0.143695 0.15217 0.160973 0.17011 0.179588 0.189411 0.199589 0.210127 0.221036 0.232323 0.243998 0.256074 0.268562 0.281475 0.294828 0.308636 0.322916 0.337688 0.352971 0.368786 0.385154 0.4021
0.3944 0.377062 0.360304 0.344103 0.328439 0.313293 0.298647 0.284482 0.270782 0.257532 0.244718 0.232327 0.220347 0.208767 0.197576 0.186766 0.176328 0.166254 0.156536 0.147168 0.138145 0.129459 0.121106 0.113081 0.10538 0.0979984 0.0909319 0.0841773 0.0777312 0.0715906 0.0657524 0.0602142 0.0549734 0.0500277 0.045375 0.0410133 0.036941 0.0331563 0.0296576 0.0264437 0.0235133 0.0208653 0.0184986 0.0164124 0.0146058 0.0130783 0.0118293 0.0108582 0.0101648 0.00974876 0.00960998 0.00974839 0.010164 0.0108571 0.0118278 0.0130765 0.0146036 0.0164098 0.0184957 0.020862 0.0235098 0.0264399 0.0296534 0.0331518 0.0369362 0.0410083 0.0453697 0.0500222 0.0549677 0.0602083 0.0657464 0.0715843 0.0777249 0.0841708 0.0909253 0.0979917 0.105374 0.113075 0.121099 0.129452 0.138138 0.147162 0.15653 0.166247 0.176322 0.18676 0.197571 0.208761 0.220342 0.232322 0.244714 0.257528 0.270778 0.284478 0.298644 0.313291 0.328437 0.344101 0.360303 0.377062 0.3944
0.3869 0.369191 0.352063 0.335496 0.31947 0.303969 0.288973 0.274467 0.260435 0.246862 0.233735 0.221041 0.208767 0.196903 0.185439 0.174366 0.163674 0.153357 0.143405 0.133813 0.124574 0.115683 0.107133 0.0989203 0.0910394 0.0834862 0.0762566 0.0693468 0.0627534 0.056473 0.0505027 0.0448396 0.0394812 0.034425 0.0296687 0.0252104 0.0210481 0.01718 0.0136046 0.0103204 0.00732601 0.00462031 0.00220221 7.07555e-05 -0.00177488 -0.00333541 -0.00461144 -0.00560345 -0.00631181 -0.00673681 -0.00687859 -0.00673721 -0.00631262 -0.00560466 -0.00461305 -0.00333741 -0.00177727 6.79891e-05 0.00219907 0.00461681 0.00732216 0.0103162 0.0136001 0.0171752 0.021043 0.025205 0.0296631 0.0344191 0.039475 0.0448333 0.0504961 0.0564663 0.0627465 0.0693398 0.0762495 0.083479 0.0910322 0.0989131 0.107126 0.115676 0.124567 0.133806 0.143398 0.15335 0.163668 0.17436 0.185433 0.196897 0.208761 0.221035 0.23373 0.246858 0.260431 0.274463 0.28897 0.303966 0.319468 0.335494 0.352062 0.369191 0.3869
0.3796 0.36154 0.344061 0.327146 0.310777 0.294937 0.27961 0.264779 0.250429 0.236547 0.223119 0.210133 0.197576 0.185439 0.173712 0.162384 0.151447 0.140893 0.130715 0.120905 0.111457 0.102365 0.0936231 0.0852266 0.0771703 0.0694498 0.0620607 0.0549993 0.0482617 0.0418447 0.035745 0.0299597 0.0244861 0.0193216 0.0144638 0.0099107 0.00566015 0.00171035 -0.00194041 -0.00529365 -0.00835078 -0.0111131 -0.0135816 -0.0157575 -0.0176415 -0.0192345 -0.020537 -0.0215496 -0.0222726 -0.0227064 -0.0228512 -0.0227069 -0.0222735 -0.0215509 -0.0205387 -0.0192366 -0.0176441 -0.0157605 -0.013585 -0.0111168 -0.00835491 -0.00529814 -0.00194525 0.00170517 0.00565466 0.0099049 0.0144578 0.0193152 0.0244795 0.0299529 0.035738 0.0418375 0.0482544 0.0549918 0.0620532 0.0694421 0.0771626 0.0852188 0.0936153 0.102357 0.111449 0.120897 0.130707 0.140886 0.15144 0.162377 0.173705 0.185433 0.19757 0.210127 0.223114 0.236542 0.250425 0.264775 0.279606 0.294934 0.310775 0.327144 0.34406 0.361539 0.3796
0.3725 0.354106 0.336296 0.319051 0.302356 0.286194 0.27055 0.255408 0.240755 0.226577 0.212861 0.199594 0.186766 0.174366 0.162384 0.15081 0.139636 0.128853 0.118455 0.108433 0.0987823 0.0894955 0.0805672 0.071992 0.0637649 0.0558812 0.0483367 0.0411272 0.0342489 0.0276984 0.0214722 0.0155674 0.0099811 0.00471064 -0.000246436 -0.0048924 -0.00922934 -0.0132592 -0.0169838 -0.0204046 -0.0235233 -0.026341 -0.0288591 -0.0310785 -0.0330002 -0.0346249 -0.0359534 -0.0369861 -0.0377236 -0.038166 -0.0383136 -0.0381665 -0.0377245 -0.0369875 -0.0359552 -0.0346272 -0.0330029 -0.0310816 -0.0288627 -0.026345 -0.0235277 -0.0204094 -0.0169889 -0.0132647 -0.0092352 -0.00489858 -0.00025292 0.00470387 0.00997407 0.0155601 0.0214647 0.0276907 0.0342411 0.0411192 0.0483286 0.0558731 0.0637566 0.0719837 0.0805589 0.0894873 0.0987742 0.108425 0.118447 0.128845 0.139628 0.150802 0.162377 0.174359 0.18676 0.199588 0.212855 0.226572 0.24075 0.255404 0.270546 0.286191 0.302353 0.319049 0.336294 0.354106 0.3725
0.3656 0.34689 0.328764 0.311206 0.2942 0.277732 0.261787 0.246349 0.231406 0.216945 0.202952 0.189417 0.176328 0.163674 0.151447 0.139636 0.128232 0.117229 0.106618 0.0963912 0.0865432 0.0770672 0.0679575 0.0592086 0.0508153 0.0427729 0.0350769 0.0277231 0.0207076 0.0140268 0.00767726 0.00165579 -0.00404056 -0.00941453 -0.0144687 -0.0192054 -0.0236268 -0.027735 -0.0315317 -0.0350187 -0.0381976 -0.0410696 -0.0436361 -0.0458981 -0.0478567 -0.0495125 -0.0508664 -0.0519189 -0.0526705 -0.0531214 -0.0532718 -0.0531219 -0.0526715 -0.0519204 -0.0508684 -0.0495149 -0.0478596 -0.0459015 -0.0436399 -0.0410739 -0.0382022 -0.0350238 -0.0315372 -0.0277408 -0.023633 -0.0192119 -0.0144756 -0.00942171 -0.00404801 0.00164808 0.00766932 0.0140187 0.0206993 0.0277146 0.0350683 0.0427642 0.0508066 0.0591998 0.0679488 0.0770585 0.0865345 0.0963827 0.106609 0.117221 0.128224 0.139628 0.151439 0.163667 0.176321 0.189411 0.202946 0.216939 0.231401 0.246345 0.261783 0.277729 0.294198 0.311204 0.328762 0.346889 0.3656
0.3589 0.339889 0.321464 0.303608 0.286308 0.269548 0.253315 0.237595 0.222376 0.207643 0.193386 0.179593 0.166254 0.153357 0.140893 0.128853 0.117229 0.106012 0.0951948 0.0847701 0.0747313 0.0650721 0.0557864 0.0468688 0.0383141 0.0301174 0.0222741 0.0147799 0.00763088 0.000823206 -0.0056466 -0.0117818 -0.0175855 -0.0230604 -0.0282093 -0.0330345 -0.0375384 -0.041723 -0.0455903 -0.049142 -0.0523796 -0.0553047 -0.0579186 -0.0602223 -0.0622168 -0.0639031 -0.0652819 -0.0663537 -0.067119 -0.0675782 -0.0677314 -0.0675787 -0.0671201 -0.0663552 -0.0652839 -0.0639057 -0.0622199 -0.0602258 -0.0579226 -0.0553092 -0.0523846 -0.0491473 -0.0455961 -0.0417292 -0.037545 -0.0330415 -0.0282165 -0.023068 -0.0175933 -0.0117899 -0.00565498 0.000814611 0.0076221 0.014771 0.022265 0.0301083 0.0383049 0.0468596 0.0557772 0.0650629 0.0747222 0.0847611 0.0951859 0.106003 0.11722 0.128845 0.140885 0.153349 0.166246 0.179587 0.19338 0.207637 0.22237 0.237591 0.253311 0.269545 0.286305 0.303606 0.321462 0.339889 0.3589
0.3524 0.333104 0.314394 0.296255 0.278674 0.261637 0.245131 0.229142 0.213657 0.198666 0.184156 0.170116 0.156536 0.143405 0.130715 0.118455 0.106618 0.0951948 0.0841789 0.0735626 0.0633393 0.0535026 0.0440466 0.0349655 0.0262542 0.0179077 0.0099214 0.00229082 -0.00498808 -0.0119191 -0.0185059 -0.0247518 -0.03066 -0.0362333 -0.0414744 -0.046386 -0.0509703 -0.0552295 -0.0591655 -0.0627802 -0.0660753 -0.0690522 -0.0717122 -0.0740565 -0.0760863 -0.0778023 -0.0792053 -0.080296 -0.0810748 -0.0815421 -0.081698 -0.0815426 -0.0810759 -0.0802976 -0.0792075 -0.077805 -0.0760895 -0.0740603 -0.0717164 -0.0690569 -0.0660805 -0.0627859 -0.0591716 -0.055236 -0.0509772 -0.0463933 -0.0414821 -0.0362412 -0.0306683 -0.0247604 -0.0185147 -0.0119282 -0.00499731 0.00228142 0.00991187 0.0178981 0.0262445 0.0349558 0.0440368 0.0534929 0.0633297 0.0735531 0.0841695 0.0951856 0.106609 0.118446 0.130706 0.143397 0.156528 0.170109 0.184149 0.19866 0.213652 0.229136 0.245126 0.261633 0.278671 0.296253 0.314392 0.333103 0.3524
0.3461 0.326533 0.307552 0.289144 0.271297 0.253995 0.237228 0.220982 0.205246 0.190007 0.175255 0.160979 0.147168 0.133813 0.120905 0.108433 0.0963912 0.0847701 0.0735626 0.0627615 0.05236 0.0423518 0.0327309 0.0234917 0.0146288 0.00613714 -0.00198791 -0.00975082 -0.0171558 -0.0242066 -0.0309071 -0.0372606 -0.0432703 -0.0489392 -0.0542702 -0.0592658 -0.0639283 -0.0682601 -0.0722631 -0.0759392 -0.0792902 -0.0823175 -0.0850226 -0.0874065 -0.0894706 -0.0912155 -0.0926423 -0.0937513 -0.0945432 -0.0950184 -0.0951769 -0.0950189 -0.0945444 -0.093753 -0.0926445 -0.0912184 -0.0894739 -0.0874105 -0.085027 -0.0823225 -0.0792956 -0.0759452 -0.0722695 -0.0682669 -0.0639356 -0.0592734 -0.0542782 -0.0489476 -0.043279 -0.0372695 -0.0309163 -0.0242161 -0.0171654 -0.00976068 -0.00199791 0.00612704 0.0146186 0.0234815 0.0327207 0.0423417 0.0523499 0.0627515 0.0735528 0.0847605 0.0963819 0.108424 0.120896 0.133805 0.14716 0.160972 0.175248 0.190001 0.20524 0.220977 0.237223 0.253991 0.271293 0.289142 0.30755 0.326532 0.3461
0.34 0.320175 0.300937 0.282274 0.264172 0.246619 0.229604 0.213113 0.197136 0.181662 0.166678 0.152176 0.138145 0.124574 0.111457 0.0987823 0.0865432 0.0747313 0.0633393 0.05236 0.0417867 0.031613 0.0218329 0.0124408 0.00343118 -0.0052009 -0.0134602 -0.0213513 -0.0288784 -0.0360455 -0.0428562 -0.0493141 -0.0554224 -0.0611842 -0.0666024 -0.0716796 -0.0764182 -0.0808205 -0.0848887 -0.0886245 -0.0920299 -0.0951063 -0.0978551 -0.100278 -0.102375 -0.104148 -0.105598 -0.106725 -0.10753 -0.108012 -0.108174 -0.108013 -0.107531 -0.106727 -0.1056 -0.104151 -0.102379 -0.100282 -0.0978597 -0.0951114 -0.0920356 -0.0886307 -0.0848953 -0.0808276 -0.0764257 -0.0716875 -0.0666108 -0.061193 -0.0554315 -0.0493234 -0.0428658 -0.0360554 -0.0288885 -0.0213616 -0.0134707 -0.00521145 0.00342055 0.0124301 0.0218223 0.0316024 0.0417761 0.0523496 0.0633291 0.0747213 0.0865334 0.0987728 0.111448 0.124566 0.138136 0.152168 0.166671 0.181655 0.19713 0.213108 0.229599 0.246615 0.264169 0.282271 0.300935 0.320174 0.34
0.3341 0.31403 0.294548 0.275641 0.257298 0.239506 0.222254 0.205531 0.189324 0.173624 0.15842 0.143701 0.129459 0.115683 0.102365 0.0894955 0.0770672 0.0650721 0.0535026 0.0423518 0.031613 0.0212798 0.0113461 0.00180643 -0.00734477 -0.0161126 -0.0245017 -0.0325168 -0.0401621 -0.0474416 -0.0543591 -0.0609181 -0.067122 -0.0729739 -0.0784767 -0.083633 -0.0884455 -0.0929163 -0.0970477 -0.100842 -0.1043 -0.107424 -0.110215 -0.112675 -0.114805 -0.116606 -0.118078 -0.119222 -0.120039 -0.120529 -0.120693 -0.12053 -0.12004 -0.119224 -0.11808 -0.116609 -0.114809 -0.112679 -0.11022 -0.107429 -0.104306 -0.100848 -0.0970546 -0.0929237 -0.0884533 -0.0836413 -0.0784854 -0.072983 -0.0671315 -0.0609279 -0.0543692 -0.0474519 -0.0401726 -0.0325275 -0.0245126 -0.0161236 -0.00735585 0.00179532 0.011335 0.0212687 0.031602 0.042341 0.0534919 0.0650616 0.077057 0.0894856 0.102355 0.115674 0.12945 0.143693 0.158412 0.173617 0.189318 0.205525 0.222249 0.239502 0.257294 0.275638 0.294546 0.314029 0.3341
0.3284 0.308097 0.288383 0.269245 0.250672 0.232653 0.215176 0.198231 0.181806 0.165891 0.150476 0.135551 0.121106 0.107133 0.0936231 0.0805672 0.0679575 0.0557864 0.0440466 0.0327309 0.0218329 0.0113461 0.00126465 -0.00841728 -0.017705 -0.0266037 -0.0351182 -0.0432531 -0.0510125 -0.0584008 -0.0654215 -0.0720784 -0.0783748 -0.0843138 -0.0898985 -0.0951315 -0.100015 -0.104553 -0.108745 -0.112595 -0.116105 -0.119275 -0.122108 -0.124604 -0.126765 -0.128593 -0.130086 -0.131248 -0.132077 -0.132574 -0.13274 -0.132575 -0.132078 -0.13125 -0.130089 -0.128596 -0.126769 -0.124609 -0.122113 -0.119281 -0.116111 -0.112602 -0.108753 -0.10456 -0.100024 -0.0951402 -0.0899076 -0.0843233 -0.0783846 -0.0720886 -0.065432 -0.0584115 -0.0510235 -0.0432642 -0.0351295 -0.0266152 -0.0177166 -0.00842883 0.00125311 0.0113346 0.0218215 0.0327197 0.0440355 0.0557756 0.0679469 0.0805569 0.0936132 0.107124 0.121097 0.135542 0.150468 0.165883 0.181799 0.198225 0.215171 0.232649 0.250669 0.269242 0.288381 0.308096 0.3284
0.3229 0.302376 0.282441 0.263084 0.244293 0.226057 0.208367 0.19121 0.174576 0.158457 0.142841 0.127719 0.113081 0.0989203 0.0852266 0.071992 0.0592086 0.0468688 0.0349655 0.0234917 0.0124408 0.00180643 -0.00841728 -0.0182361 -0.0276553 -0.0366801 -0.0453154 -0.0535657 -0.0614353 -0.0689284 -0.0760489 -0.0828003 -0.089186 -0.0952093 -0.100873 -0.10618 -0.111133 -0.115735 -0.119987 -0.123891 -0.12745 -0.130665 -0.133538 -0.13607 -0.138261 -0.140114 -0.141629 -0.142807 -0.143647 -0.144152 -0.14432 -0.144153 -0.143649 -0.142809 -0.141632 -0.140117 -0.138265 -0.136074 -0.133543 -0.130671 -0.127457 -0.123898 -0.119994 -0.115743 -0.111142 -0.106189 -0.100883 -0.0952191 -0.0891962 -0.0828108 -0.0760597 -0.0689396 -0.0614467 -0.0535772 -0.0453271 -0.036692 -0.0276672 -0.018248 -0.00842925 0.00179451 0.0124289 0.02348 0.034954 0.0468576 0.0591976 0.0719813 0.0852163 0.0989105 0.113072 0.12771 0.142832 0.158449 0.174569 0.191203 0.208361 0.226053 0.244289 0.263081 0.282439 0.302375 0.3229
0.3176 0.296866 0.276722 0.257156 0.238158 0.219717 0.201823 0.184465 0.167633 0.151319 0.135511 0.120201 0.10538 0.0910394 0.0771703 0.0637649 0.0508153 0.0383141 0.0262542 0.0146288 0.00343118 -0.00734477 -0.017705 -0.0276553 -0.0372009 -0.046347 -0.0550985 -0.0634599 -0.0714357 -0.0790299 -0.0862464 -0.0930889 -0.0995609 -0.105665 -0.111406 -0.116784 -0.121804 -0.126468 -0.130777 -0.134734 -0.138341 -0.141599 -0.14451 -0.147076 -0.149297 -0.151175 -0.15271 -0.153904 -0.154756 -0.155267 -0.155438 -0.155268 -0.154757 -0.153906 -0.152713 -0.151179 -0.149301 -0.147081 -0.144516 -0.141605 -0.138348 -0.134741 -0.130785 -0.126476 -0.121813 -0.116794 -0.111415 -0.105676 -0.0995714 -0.0930998 -0.0862576 -0.0790414 -0.0714475 -0.0634719 -0.0551107 -0.0463593 -0.0372133 -0.0276677 -0.0177174 -0.00735711 0.00341894 0.0146167 0.0262423 0.0383025 0.0508039 0.0637538 0.0771597 0.0910292 0.105371 0.120192 0.135502 0.151311 0.167626 0.184458 0.201817 0.219712 0.238154 0.257153 0.27672 0.296865 0.3176
0.3125 0.291567 0.271224 0.25146 0.232265 0.213629 0.195542 0.177993 0.160973 0.144473 0.128483 0.112995 0.0979984 0.0834862 0.0694498 0.0558812 0.0427729 0.0301174 0.0179077 0.00613714 -0.0052009 -0.0161126 -0.0266037 -0.0366801 -0.046347 -0.0556096 -0.0644727 -0.072941 -0.0810188 -0.0887102 -0.0960191 -0.102949 -0.109504 -0.115687 -0.121501 -0.126949 -0.132033 -0.136756 -0.141121 -0.145128 -0.148781 -0.152082 -0.15503 -0.157629 -0.159878 -0.16178 -0.163335 -0.164544 -0.165407 -0.165924 -0.166097 -0.165925 -0.165408 -0.164546 -0.163338 -0.161783 -0.159882 -0.157633 -0.155036 -0.152088 -0.148788 -0.145136 -0.141129 -0.136765 -0.132042 -0.126958 -0.121511 -0.115698 -0.109515 -0.102961 -0.0960307 -0.0887221 -0.0810309 -0.0729534 -0.0644853 -0.0556223 -0.0463598 -0.0366929 -0.0266165 -0.0161253 -0.00521353 0.00612465 0.0178955 0.0301054 0.0427611 0.0558698 0.0694388 0.0834757 0.0979883 0.112985 0.128474 0.144465 0.160966 0.177986 0.195536 0.213624 0.232261 0.251457 0.271222 0.291566 0.3125
0.3076 0.286479 0.265947 0.245996 0.226614 0.207793 0.189522 0.171792 0.154593 0.137917 0.121754 0.106095 0.0909319 0.0762566 0.0620607 0.0483367 0.0350769 0.0222741 0.0099214 -0.00198791 -0.0134602 -0.0245017 -0.0351182 -0.0453154 -0.0550985 -0.0644727 -0.0734429 -0.0820136 -0.0901893 -0.0979741 -0.105372 -0.112386 -0.119021 -0.125279 -0.131164 -0.136678 -0.141824 -0.146605 -0.151022 -0.155079 -0.158776 -0.162117 -0.165101 -0.167731 -0.170008 -0.171933 -0.173507 -0.17473 -0.175604 -0.176128 -0.176303 -0.176129 -0.175605 -0.174733 -0.17351 -0.171937 -0.170013 -0.167736 -0.165107 -0.162123 -0.158784 -0.155087 -0.151031 -0.146614 -0.141833 -0.136688 -0.131174 -0.12529 -0.119032 -0.112398 -0.105384 -0.0979863 -0.0902018 -0.0820264 -0.0734558 -0.0644858 -0.0551116 -0.0453286 -0.0351314 -0.0245148 -0.0134733 -0.00200078 0.00990874 0.0222617 0.0350648 0.048325 0.0620494 0.0762457 0.0909216 0.106085 0.121744 0.137908 0.154585 0.171785 0.189516 0.207788 0.22661 0.245992 0.265945 0.286477 0.3076
0.3029 0.2816 0.26089 0.240761 0.221202 0.202206 0.183761 0.165859 0.148491 0.131647 0.115319 0.0994987 0.0841773 0.0693468 0.0549993 0.0411272 0.0277231 0.0147799 0.00229082 -0.00975082 -0.0213513 -0.0325168 -0.0432531 -0.0535657 -0.0634599 -0.072941 -0.0820136 -0.0906825 -0.098952 -0.106826 -0.114309 -0.121404 -0.128115 -0.134446 -0.140398 -0.145976 -0.151182 -0.156018 -0.160486 -0.16459 -0.16833 -0.171709 -0.174728 -0.177389 -0.179692 -0.181639 -0.183231 -0.184469 -0.185352 -0.185882 -0.186059 -0.185883 -0.185354 -0.184471 -0.183234 -0.181643 -0.179696 -0.177394 -0.174734 -0.171716 -0.168337 -0.164598 -0.160495 -0.156027 -0.151191 -0.145986 -0.140409 -0.134457 -0.128127 -0.121416 -0.114321 -0.106839 -0.0989648 -0.0906956 -0.0820269 -0.0729544 -0.0634735 -0.0535792 -0.0432666 -0.0325303 -0.0213647 -0.00976405 0.0022778 0.0147672 0.0277107 0.0411151 0.0549876 0.0693356 0.0841667 0.0994887 0.11531 0.131638 0.148483 0.165852 0.183755 0.2022 0.221198 0.240757 0.260888 0.281599 0.3029
0.2984 0.276931 0.256052 0.235754 0.216029 0.196866 0.178257 0.160192 0.142663 0.125661 0.109177 0.0932031 0.0777312 0.0627534 0.0482617 0.0342489 0.0207076 0.00763088 -0.00498808 -0.0171558 -0.0288784 -0.0401621 -0.0510125 -0.0614353 -0.0714357 -0.0810188 -0.0901893 -0.098952 -0.107311 -0.115271 -0.122835 -0.130008 -0.136792 -0.143192 -0.149209 -0.154848 -0.160111 -0.165 -0.169517 -0.173666 -0.177447 -0.180863 -0.183915 -0.186604 -0.188933 -0.190902 -0.192511 -0.193762 -0.194656 -0.195192 -0.19537 -0.195192 -0.194657 -0.193765 -0.192514 -0.190905 -0.188938 -0.18661 -0.183921 -0.18087 -0.177454 -0.173674 -0.169526 -0.165009 -0.16012 -0.154858 -0.14922 -0.143203 -0.136804 -0.13002 -0.122848 -0.115284 -0.107324 -0.0989654 -0.090203 -0.0810325 -0.0714496 -0.0614492 -0.0510265 -0.0401759 -0.0288922 -0.0171693 -0.00500144 0.00761778 0.0206949 0.0342365 0.0482498 0.0627419 0.0777203 0.0931928 0.109167 0.125652 0.142655 0.160185 0.17825 0.196861 0.216024 0.235751 0.25605 0.276929 0.2984
0.2941 0.272471 0.251433 0.230976 0.211093 0.191773 0.173008 0.154789 0.137108 0.119955 0.103324 0.0872049 0.0715906 0.056473 0.0418447 0.0276984 0.0140268 0.000823206 -0.0119191 -0.0242066 -0.0360455 -0.0474416 -0.0584008 -0.0689284 -0.0790299 -0.0887102 -0.0979741 -0.106826 -0.115271 -0.123312 -0.130954 -0.138201 -0.145055 -0.151521 -0.1576 -0.163297 -0.168615 -0.173554 -0.178119 -0.18231 -0.186131 -0.189582 -0.192666 -0.195383 -0.197736 -0.199725 -0.201351 -0.202615 -0.203518 -0.204059 -0.20424 -0.20406 -0.203519 -0.202618 -0.201354 -0.199729 -0.197741 -0.195389 -0.192672 -0.189589 -0.186138 -0.182318 -0.178127 -0.173564 -0.168625 -0.163308 -0.157612 -0.151532 -0.145067 -0.138213 -0.130967 -0.123325 -0.115284 -0.10684 -0.097988 -0.0887243 -0.0790441 -0.0689427 -0.058415 -0.0474558 -0.0360595 -0.0242205 -0.0119328 0.000809783 0.0140137 0.0276857 0.0418325 0.0564613 0.0715794 0.0871944 0.103314 0.119946 0.137099 0.154781 0.173001 0.191767 0.211088 0.230973 0.25143 0.27247 0.2941
0.29 0.26822 0.247031 0.226425 0.206392 0.186924 0.168012 0.149648 0.131823 0.114529 0.097758 0.0815017 0.0657524 0.0505027 0.035745 0.0214722 0.00767726 -0.0056466 -0.0185059 -0.0309071 -0.0428562 -0.0543591 -0.0654215 -0.0760489 -0.0862464 -0.0960191 -0.105372 -0.114309 -0.122835 -0.130954 -0.13867 -0.145987 -0.152908 -0.159437 -0.165576 -0.171328 -0.176697 -0.181685 -0.186294 -0.190527 -0.194385 -0.19787 -0.200984 -0.203728 -0.206104 -0.208113 -0.209755 -0.211031 -0.211943 -0.21249 -0.212672 -0.21249 -0.211944 -0.211034 -0.209758 -0.208117 -0.206109 -0.203734 -0.20099 -0.197877 -0.194393 -0.190535 -0.186304 -0.181695 -0.176708 -0.171339 -0.165587 -0.159449 -0.15292 -0.146 -0.138684 -0.130968 -0.122849 -0.114323 -0.105386 -0.0960336 -0.086261 -0.0760635 -0.0654361 -0.0543736 -0.0428706 -0.0309213 -0.01852 -0.00566033 0.00766387 0.0214592 0.0357325 0.0504907 0.065741 0.0814909 0.0977478 0.11452 0.131815 0.14964 0.168006 0.186918 0.206387 0.226421 0.247029 0.268219 0.29
0.2861 0.264178 0.242848 0.2221 0.201927 0.182319 0.163269 0.144768 0.126807 0.109379 0.0924766 0.0760907 0.0602142 0.0448396 0.0299597 0.0155674 0.00165579 -0.0117818 -0.0247518 -0.0372606 -0.0493141 -0.0609181 -0.0720784 -0.0828003 -0.0930889 -0.102949 -0.112386 -0.121404 -0.130008 -0.138201 -0.145987 -0.153371 -0.160355 -0.166943 -0.173139 -0.178945 -0.184363 -0.189397 -0.194048 -0.19832 -0.202214 -0.205731 -0.208874 -0.211643 -0.214041 -0.216068 -0.217726 -0.219014 -0.219934 -0.220486 -0.22067 -0.220487 -0.219935 -0.219016 -0.217729 -0.216072 -0.214046 -0.211649 -0.20888 -0.205738 -0.202222 -0.198329 -0.194058 -0.189407 -0.184374 -0.178956 -0.173151 -0.166956 -0.160368 -0.153384 -0.146001 -0.138215 -0.130022 -0.121419 -0.112401 -0.102964 -0.0931038 -0.0828152 -0.0720933 -0.060933 -0.0493288 -0.0372751 -0.0247662 -0.0117958 0.0016421 0.0155541 0.0299469 0.0448273 0.0602025 0.0760797 0.0924662 0.10937 0.126798 0.14476 0.163262 0.182313 0.201922 0.222096 0.242845 0.264177 0.2861
0.2824 0.260345 0.238881 0.218001 0.197695 0.177956 0.158776 0.140146 0.122058 0.104504 0.0874776 0.0709697 0.0549734 0.0394812 0.0244861 0.0099811 -0.00404056 -0.0175855 -0.03066 -0.0432703 -0.0554224 -0.067122 -0.0783748 -0.089186 -0.0995609 -0.109504 -0.119021 -0.128115 -0.136792 -0.145055 -0.152908 -0.160355 -0.167399 -0.174045 -0.180294 -0.186149 -0.191615 -0.196692 -0.201384 -0.205693 -0.20962 -0.213168 -0.216338 -0.219132 -0.221551 -0.223595 -0.225267 -0.226567 -0.227495 -0.228051 -0.228237 -0.228052 -0.227496 -0.226569 -0.225271 -0.2236 -0.221556 -0.219138 -0.216345 -0.213175 -0.209628 -0.205702 -0.201394 -0.196702 -0.191625 -0.186161 -0.180305 -0.174057 -0.167412 -0.160368 -0.152922 -0.145069 -0.136807 -0.12813 -0.119036 -0.109519 -0.099576 -0.0892012 -0.07839 -0.0671372 -0.0554374 -0.0432851 -0.0306746 -0.0175998 -0.00405452 0.00996755 0.024473 0.0394687 0.0549614 0.0709585 0.0874671 0.104495 0.122049 0.140138 0.158769 0.17795 0.19769 0.217997 0.238879 0.260343 0.2824
0.2789 0.25672 0.235131 0.214126 0.193697 0.173835 0.154532 0.135781 0.117574 0.0999024 0.0827591 0.0661366 0.0500277 0.034425 0.0193216 0.00471064 -0.00941453 -0.0230604 -0.0362333 -0.0489392 -0.0611842 -0.0729739 -0.0843138 -0.0952093 -0.105665 -0.115687 -0.125279 -0.134446 -0.143192 -0.151521 -0.159437 -0.166943 -0.174045 -0.180743 -0.187043 -0.192946 -0.198456 -0.203575 -0.208305 -0.212649 -0.216608 -0.220185 -0.223381 -0.226197 -0.228636 -0.230697 -0.232383 -0.233693 -0.234628 -0.23519 -0.235377 -0.235191 -0.23463 -0.233695 -0.232386 -0.230701 -0.228641 -0.226203 -0.223387 -0.220192 -0.216616 -0.212658 -0.208314 -0.203585 -0.198467 -0.192958 -0.187055 -0.180756 -0.174058 -0.166957 -0.159451 -0.151535 -0.143206 -0.134461 -0.125294 -0.115702 -0.105681 -0.0952248 -0.0843294 -0.0729894 -0.0611995 -0.0489544 -0.0362482 -0.023075 -0.00942876 0.00469683 0.0193083 0.0344122 0.0500155 0.0661252 0.0827484 0.0998925 0.117565 0.135773 0.154525 0.173829 0.193692 0.214123 0.235129 0.256718 0.2789
0.2756 0.253303 0.231598 0.210476 0.189931 0.169954 0.150537 0.131673 0.113354 0.0955715 0.0783192 0.0615894 0.045375 0.0296687 0.0144638 -0.000246436 -0.0144687 -0.0282093 -0.0414744 -0.0542702 -0.0666024 -0.0784767 -0.0898985 -0.100873 -0.111406 -0.121501 -0.131164 -0.140398 -0.149209 -0.1576 -0.165576 -0.173139 -0.180294 -0.187043 -0.19339 -0.199338 -0.20489 -0.210047 -0.214813 -0.21919 -0.22318 -0.226784 -0.230004 -0.232842 -0.235299 -0.237377 -0.239075 -0.240395 -0.241338 -0.241904 -0.242092 -0.241905 -0.24134 -0.240398 -0.239079 -0.237381 -0.235305 -0.232848 -0.230011 -0.226792 -0.223188 -0.219199 -0.214823 -0.210058 -0.204901 -0.19935 -0.193402 -0.187056 -0.180307 -0.173153 -0.16559 -0.157615 -0.149224 -0.140414 -0.131179 -0.121517 -0.111421 -0.100889 -0.0899143 -0.0784924 -0.066618 -0.0542856 -0.0414896 -0.0282241 -0.0144832 -0.000260482 0.0144503 0.0296557 0.0453626 0.0615778 0.0783083 0.0955614 0.113344 0.131665 0.15053 0.169948 0.189926 0.210472 0.231595 0.253301 0.2756
0.2725 0.250094 0.22828 0.20705 0.186397 0.166312 0.146789 0.127819 0.109395 0.0915102 0.0741562 0.0573263 0.0410133 0.0252104 0.0099107 -0.0048924 -0.0192054 -0.0330345 -0.046386 -0.0592658 -0.0716796 -0.083633 -0.0951315 -0.10618 -0.116784 -0.126949 -0.136678 -0.145976 -0.154848 -0.163297 -0.171328 -0.178945 -0.186149 -0.192946 -0.199338 -0.205328 -0.210919 -0.216113 -0.220913 -0.225321 -0.229339 -0.232969 -0.236212 -0.23907 -0.241545 -0.243637 -0.245347 -0.246677 -0.247627 -0.248196 -0.248386 -0.248197 -0.247628 -0.24668 -0.245351 -0.243641 -0.24155 -0.239076 -0.236219 -0.232976 -0.229347 -0.22533 -0.220923 -0.216124 -0.21093 -0.20534 -0.199351 -0.192959 -0.186163 -0.178959 -0.171343 -0.163312 -0.154863 -0.145992 -0.136694 -0.126965 -0.1168 -0.106196 -0.0951476 -0.083649 -0.0716954 -0.0592814 -0.0464014 -0.0330496 -0.0192201 -0.00490667 0.00989694 0.0251972 0.0410008 0.0573144 0.0741451 0.0914999 0.109386 0.127811 0.146782 0.166306 0.186391 0.207046 0.228277 0.250092 0.2725
0.2696 0.247092 0.225177 0.203847 0.183093 0.162909 0.143287 0.124219 0.105698 0.0877171 0.0702686 0.0533456 0.036941 0.0210481 0.00566015 -0.00922934 -0.0236268 -0.0375384 -0.0509703 -0.0639283 -0.0764182 -0.0884455 -0.100015 -0.111133 -0.121804 -0.132033 -0.141824 -0.151182 -0.160111 -0.168615 -0.176697 -0.184363 -0.191615 -0.198456 -0.20489 -0.210919 -0.216546 -0.221775 -0.226606 -0.231043 -0.235088 -0.238742 -0.242006 -0.244884 -0.247375 -0.249481 -0.251202 -0.252541 -0.253497 -0.25407 -0.254262 -0.254071 -0.253499 -0.252544 -0.251206 -0.249485 -0.24738 -0.24489 -0.242013 -0.23875 -0.235096 -0.231053 -0.226616 -0.221786 -0.216558 -0.210931 -0.204902 -0.198469 -0.191629 -0.184377 -0.176712 -0.16863 -0.160126 -0.151198 -0.14184 -0.132049 -0.121821 -0.11115 -0.100032 -0.0884617 -0.0764343 -0.0639442 -0.0509859 -0.0375537 -0.0236417 -0.00924383 0.00564618 0.0210347 0.0369282 0.0533335 0.0702574 0.0877067 0.105689 0.12421 0.143279 0.162903 0.183088 0.203843 0.225175 0.247091 0.2696
0.2669 0.244299 0.22229 0.200866 0.18002 0.159744 0.14003 0.120871 0.102261 0.084191 0.066655 0.0496457 0.0331563 0.01718 0.00171035 -0.0132592 -0.027735 -0.041723 -0.0552295 -0.0682601 -0.0808205 -0.0929163 -0.104553 -0.115735 -0.126468 -0.136756 -0.146605 -0.156018 -0.165 -0.173554 -0.181685 -0.189397 -0.196692 -0.203575 -0.210047 -0.216113 -0.221775 -0.227035 -0.231896 -0.23636 -0.240429 -0.244105 -0.24739 -0.250285 -0.252791 -0.25491 -0.256643 -0.257989 -0.258951 -0.259528 -0.259721 -0.259529 -0.258953 -0.257992 -0.256646 -0.254915 -0.252797 -0.250291 -0.247397 -0.244113 -0.240438 -0.23637 -0.231906 -0.227046 -0.221786 -0.216125 -0.21006 -0.203588 -0.196706 -0.189411 -0.1817 -0.173569 -0.165015 -0.156034 -0.146621 -0.136773 -0.126484 -0.115751 -0.104569 -0.0929327 -0.0808368 -0.0682762 -0.0552453 -0.0417386 -0.0277501 -0.0132739 0.00169618 0.0171664 0.0331433 0.0496334 0.0666435 0.0841804 0.102251 0.120863 0.140022 0.159737 0.180015 0.200862 0.222287 0.244297 0.2669
0.2644 0.241713 0.219618 0.198108 0.177177 0.156815 0.137017 0.117775 0.099082 0.0809306 0.0633139 0.0462252 0.0296576 0.0136046 -0.00194041 -0.0169838 -0.0315317 -0.0455903 -0.0591655 -0.0722631 -0.0848887 -0.0970477 -0.108745 -0.119987 -0.130777 -0.141121 -0.151022 -0.160486 -0.169517 -0.178119 -0.186294 -0.194048 -0.201384 -0.208305 -0.214813 -0.220913 -0.226606 -0.231896 -0.236784 -0.241273 -0.245365 -0.249062 -0.252366 -0.255277 -0.257797 -0.259928 -0.26167 -0.263025 -0.263992 -0.264572 -0.264766 -0.264573 -0.263994 -0.263027 -0.261674 -0.259933 -0.257803 -0.255283 -0.252373 -0.24907 -0.245374 -0.241283 -0.236795 -0.231907 -0.226618 -0.220925 -0.214827 -0.208318 -0.201398 -0.194063 -0.18631 -0.178134 -0.169533 -0.160503 -0.151039 -0.141137 -0.130794 -0.120004 -0.108762 -0.0970643 -0.0849052 -0.0722794 -0.0591816 -0.045606 -0.031547 -0.0169986 -0.00195475 0.0135908 0.0296445 0.0462128 0.0633024 0.0809199 0.0990723 0.117767 0.13701 0.156809 0.177171 0.198104 0.219615 0.241711 0.2644
0.2621 0.239334 0.21716 0.195572 0.174563 0.154124 0.134248 0.11493 0.096161 0.0779348 0.0602443 0.0430829 0.0264437 0.0103204 -0.00529365 -0.0204046 -0.0350187 -0.049142 -0.0627802 -0.0759392 -0.0886245 -0.100842 -0.112595 -0.123891 -0.134734 -0.145128 -0.155079 -0.16459 -0.173666 -0.18231 -0.190527 -0.19832 -0.205693 -0.212649 -0.21919 -0.225321 -0.231043 -0.23636 -0.241273 -0.245786 -0.249899 -0.253615 -0.256935 -0.259861 -0.262395 -0.264536 -0.266288 -0.267649 -0.268621 -0.269204 -0.269399 -0.269205 -0.268623 -0.267652 -0.266291 -0.264541 -0.2624 -0.259868 -0.256942 -0.253623 -0.249908 -0.245795 -0.241284 -0.236371 -0.231055 -0.225334 -0.219204 -0.212662 -0.205707 -0.198335 -0.190542 -0.182326 -0.173682 -0.164606 -0.155096 -0.145145 -0.134751 -0.123908 -0.112612 -0.100858 -0.0886412 -0.0759557 -0.0627965 -0.0491579 -0.0350342 -0.0204197 -0.00530816 0.0103065 0.0264305 0.0430704 0.0602326 0.077924 0.0961512 0.114921 0.134241 0.154117 0.174557 0.195568 0.217158 0.239332 0.2621
0.26 0.237162 0.214917 0.193258 0.172177 0.151668 0.131722 0.112335 0.0934969 0.0752027 0.0574451 0.0402175 0.0235133 0.00732601 -0.00835078 -0.0235233 -0.0381976 -0.0523796 -0.0660753 -0.0792902 -0.0920299 -0.1043 -0.116105 -0.12745 -0.138341 -0.148781 -0.158776 -0.16833 -0.177447 -0.186131 -0.194385 -0.202214 -0.20962 -0.216608 -0.22318 -0.229339 -0.235088 -0.240429 -0.245365 -0.249899 -0.254031 -0.257764 -0.2611 -0.26404 -0.266586 -0.268737 -0.270497 -0.271865 -0.272841 -0.273427 -0.273623 -0.273428 -0.272843 -0.271867 -0.270501 -0.268742 -0.266591 -0.264047 -0.261108 -0.257773 -0.25404 -0.249909 -0.245376 -0.240441 -0.2351 -0.229352 -0.223193 -0.216622 -0.209635 -0.202229 -0.1944 -0.186146 -0.177463 -0.168347 -0.158793 -0.148798 -0.138358 -0.127467 -0.116122 -0.104317 -0.0920467 -0.0793069 -0.0660917 -0.0523957 -0.0382132 -0.0235385 -0.00836544 0.00731196 0.0235 0.0402049 0.0574333 0.0751917 0.0934869 0.112326 0.131715 0.151661 0.172172 0.193254 0.214914 0.237161 0.26
